Transaction_Date|Store_id|StorageLocation|ItemCode|VBN|MANU_DATE|EXPR_DATE|Qty|Remarks1|Remarks2|Remarks3
05302021|0056|0001|19018031||||2|||
05302021|0056|0001|17230213||||1|||
05302021|0056|0001|19250272||||1|||
05302021|0056|0001|20260082||||1|||
05302021|0056|0001|19230254||||1|||
05302021|0056|0001|19250275||||1|||
05302021|0056|0001|20260085||||0|||
05302021|0056|0001|18010145||||3|||
05302021|0056|0001|19250273||||2|||
05302021|0056|0001|20260084||||1|||
05302021|0056|0001|19948054||||2|||
05302021|0056|0001|19948052||||2|||
05302021|0056|0001|19250274||||2|||
05302021|0056|0001|19940042||||1|||
05302021|0056|0001|17230211||||0|||
05302021|0056|0001|19230252||||1|||
05302021|0056|0001|19260648||||2|||
05302021|0056|0001|20160071||||0|||
05302021|0056|0001|19250271||||2|||
05302021|0056|0001|19250276||||0|||
05302021|0056|0001|19250679||||1|||
05302021|0056|0001|19268039||||1|||
05302021|0056|0001|20260081||||3|||
05302021|0056|0001|19250363||||1|||
05302021|0056|0001|20160074||||1|||
05302021|0056|0001|18010144||||1|||
05302021|0056|0001|20260086||||2|||
05302021|0056|0001|19940041||||2|||
05302021|0056|0001|19268038||||1|||
05302021|0056|0001|19230251||||1|||
05302021|0056|0001|19250362||||0|||
05302021|0056|0001|20260083||||1|||
05302021|0056|0001|20160072||||1|||
05302021|0056|0001|20160073||||2|||
05302021|0056|0001|17230215||||0|||
05302021|0056|0001|19940647||||2|||
05302021|0056|0001|17018181||||4|||
05302021|0056|0001|19940646||||2|||
05302021|0056|0001|19250361||||1|||
05302021|0056|0001|18010146||||2|||
05302021|0056|0001|19940345||||0|||
05302021|0056|0001|19230253||||2|||
05302021|0056|0001|20940729||||1|||
05302021|0056|0001|19948053||||4|||
05302021|0056|0001|19230255||||1|||
05302021|0056|0001|19230727||||1|||
05302021|0056|0001|19940043||||1|||
05302021|0056|0001|18010143||||4|||
05302021|0056|0001|SPDRN216/D/XL||||3|||
05302021|0056|0001|SPDRN216/D/L||||2|||
05302021|0056|0001|SPDRN216/D/M||||2|||
05302021|0056|0001|SPDRN216/D/S||||2|||
05302021|0056|0001|GAMEA72/A/13||||2|||
05302021|0056|0001|GAMEA72/A/11||||2|||
05302021|0056|0001|GAMEA72/A/9||||2|||
05302021|0056|0001|GAMEA72/A/7||||1|||
05302021|0056|0001|GAMEA72/A/5||||2|||
05302021|0056|0001|GAMEA72/A/L||||1|||
05302021|0056|0001|GAMEA72/A/M||||2|||
05302021|0056|0001|GAMEA72/A/S||||2|||
05302021|0056|0001|GAMEA71/A/13||||0|||
05302021|0056|0001|GAMEA71/A/11||||1|||
05302021|0056|0001|GAMEA71/A/9||||0|||
05302021|0056|0001|GAMEA71/A/7||||0|||
05302021|0056|0001|GAMEA71/A/5||||0|||
05302021|0056|0001|GAMEA71/A/L||||0|||
05302021|0056|0001|GAMEA71/A/M||||2|||
05302021|0056|0001|GAMEA71/A/S||||1|||
05302021|0056|0001|AVGS088/A/13||||3|||
05302021|0056|0001|AVGS088/A/11||||4|||
05302021|0056|0001|AVGS088/A/9||||4|||
05302021|0056|0001|AVGS088/A/7||||6|||
05302021|0056|0001|AVGS088/A/5||||5|||
05302021|0056|0001|AVGS088/A/L||||2|||
05302021|0056|0001|AVGS088/A/M||||2|||
05302021|0056|0001|AVGS088/A/S||||2|||
05302021|0056|0001|AVGN242/A/13||||6|||
05302021|0056|0001|AVGN242/A/11||||7|||
05302021|0056|0001|AVGN242/A/9||||4|||
05302021|0056|0001|AVGN242/A/7||||6|||
05302021|0056|0001|AVGN242/A/5||||3|||
05302021|0056|0001|AVGN242/A/L||||1|||
05302021|0056|0001|AVGN242/A/M||||1|||
05302021|0056|0001|AVGN242/A/S||||2|||
05302021|0056|0001|SPDRHR04/A/7||||0|||
05302021|0056|0001|SPDRHR04/A/5||||2|||
05302021|0056|0001|SPDRHR04/A/L||||4|||
05302021|0056|0001|SPDRHR04/A/M||||2|||
05302021|0056|0001|SPDRHR04/A/S||||0|||
05302021|0056|0001|AVGHR03/A/7||||1|||
05302021|0056|0001|AVGHR03/A/5||||1|||
05302021|0056|0001|AVGHR03/A/L||||1|||
05302021|0056|0001|AVGHR03/A/M||||0|||
05302021|0056|0001|AVGHR03/A/S||||2|||
05302021|0056|0001|AVGS087/A/13||||7|||
05302021|0056|0001|AVGS087/A/11||||7|||
05302021|0056|0001|AVGS087/A/9||||4|||
05302021|0056|0001|AVGS087/A/7||||7|||
05302021|0056|0001|AVGS087/A/5||||7|||
05302021|0056|0001|AVGS087/A/L||||6|||
05302021|0056|0001|AVGS087/A/M||||3|||
05302021|0056|0001|AVGS087/A/S||||6|||
05302021|0056|0001|SPDRN276/A/13||||0|||
05302021|0056|0001|SPDRN276/A/11||||0|||
05302021|0056|0001|SPDRN276/A/9||||0|||
05302021|0056|0001|SPDRN276/A/7||||0|||
05302021|0056|0001|SPDRN276/A/5||||0|||
05302021|0056|0001|SPDRN276/A/L||||0|||
05302021|0056|0001|SPDRN276/A/M||||0|||
05302021|0056|0001|SPDRN276/A/S||||0|||
05302021|0056|0001|SPDRN253/A/13||||1|||
05302021|0056|0001|SPDRN253/A/11||||2|||
05302021|0056|0001|SPDRN253/A/9||||1|||
05302021|0056|0001|SPDRN253/A/7||||0|||
05302021|0056|0001|SPDRN253/A/5||||1|||
05302021|0056|0001|SPDRN253/A/L||||0|||
05302021|0056|0001|SPDRN253/A/M||||0|||
05302021|0056|0001|SPDRN253/A/S||||1|||
05302021|0056|0001|AVGS029/A/13||||2|||
05302021|0056|0001|AVGS029/A/11||||2|||
05302021|0056|0001|AVGS029/A/9||||1|||
05302021|0056|0001|AVGS029/A/7||||2|||
05302021|0056|0001|AVGS029/A/5||||1|||
05302021|0056|0001|AVGS029/A/L||||1|||
05302021|0056|0001|AVGS029/A/M||||1|||
05302021|0056|0001|AVGS029/A/S||||2|||
05302021|0056|0001|52600442NX||||11|||
05302021|0056|0001|52600442NL||||30|||
05302021|0056|0001|52600442NM||||24|||
05302021|0056|0001|52600442NS||||12|||
05302021|0056|0001|52600442BX||||14|||
05302021|0056|0001|52600442BM||||32|||
05302021|0056|0001|52600442BS||||15|||
05302021|0056|0001|52600442BL||||32|||
05302021|0056|0001|52300132P5||||10|||
05302021|0056|0001|52300132B4||||33|||
05302021|0056|0001|52300132B3||||24|||
05302021|0056|0001|52300132B1||||21|||
05302021|0056|0001|52300132B8||||16|||
05302021|0056|0001|52300132B6||||33|||
05302021|0056|0001|52300132B5||||8|||
05302021|0056|0001|51700692QX||||16|||
05302021|0056|0001|51700692QL||||39|||
05302021|0056|0001|51700692QM||||40|||
05302021|0056|0001|51700692QS||||18|||
05302021|0056|0001|51700692FX||||10|||
05302021|0056|0001|51700692FL||||34|||
05302021|0056|0001|51700692FM||||31|||
05302021|0056|0001|51700692FS||||17|||
05302021|0056|0001|51500012W8||||24|||
05302021|0056|0001|51500012W6||||36|||
05302021|0056|0001|51500012W4||||36|||
05302021|0056|0001|51500012W3||||24|||
05302021|0056|0001|51500012W1||||24|||
05302021|0056|0001|51500012P4||||36|||
05302021|0056|0001|51500012P3||||19|||
05302021|0056|0001|51500012P1||||18|||
05302021|0056|0001|51500012P8||||16|||
05302021|0056|0001|51500012P6||||29|||
05302021|0056|0001|31003432W3||||24|||
05302021|0056|0001|31003432W1||||24|||
05302021|0056|0001|31003432WS||||28|||
05302021|0056|0001|31003432W8||||24|||
05302021|0056|0001|31003432W6||||28|||
05302021|0056|0001|31003432W4||||28|||
05302021|0056|0001|51001701B5||||18|||
05302021|0056|0001|51001701B4||||24|||
05302021|0056|0001|51001701B3||||17|||
05302021|0056|0001|51001701B1||||15|||
05302021|0056|0001|51001701B8||||23|||
05302021|0056|0001|51001701B6||||24|||
05302021|0056|0001|31003432K4||||28|||
05302021|0056|0001|31003432K3||||28|||
05302021|0056|0001|31003432K1||||21|||
05302021|0056|0001|31003432KS||||28|||
05302021|0056|0001|31003432K8||||28|||
05302021|0056|0001|31003432K6||||27|||
05302021|0056|0001|31003432H6||||28|||
05302021|0056|0001|31003432H4||||28|||
05302021|0056|0001|31003432H3||||26|||
05302021|0056|0001|31003432H1||||26|||
05302021|0056|0001|31003432HS||||28|||
05302021|0056|0001|31003432H8||||25|||
05302021|0056|0001|30304602NS||||30|||
05302021|0056|0001|30304602N8||||25|||
05302021|0056|0001|30304602N6||||30|||
05302021|0056|0001|30304602N4||||31|||
05302021|0056|0001|30304602N3||||25|||
05302021|0056|0001|30304602N1||||28|||
05302021|0056|0001|AV1915BB/34||||0|||
05302021|0056|0001|AV1915BB/33||||0|||
05302021|0056|0001|AV1915BB/32||||0|||
05302021|0056|0001|AV1915BB/31||||0|||
05302021|0056|0001|AV1915BB/30||||0|||
05302021|0056|0001|AV1915BB/29||||0|||
05302021|0056|0001|AVGN284/MTBK/D/XL||||1|||
05302021|0056|0001|AVGN284/MTBK/D/L||||2|||
05302021|0056|0001|AVGN284/MTBK/D/M||||1|||
05302021|0056|0001|AVGN284/MTBK/D/S||||2|||
05302021|0056|0001|MNTNMJ80/DN/24||||1|||
05302021|0056|0001|MNTNMJ80/DN/23||||2|||
05302021|0056|0001|MNTNMJ80/DN/22||||2|||
05302021|0056|0001|MNTNMJ80/DN/21||||4|||
05302021|0056|0001|MNTNMJ80/DN/20||||2|||
05302021|0056|0001|MNTNMJ80/DN/19||||2|||
05302021|0056|0001|MNTNMJ80/PK/24||||7|||
05302021|0056|0001|MNTNMJ80/PK/23||||3|||
05302021|0056|0001|MNTNMJ80/PK/22||||5|||
05302021|0056|0001|MNTNMJ80/PK/21||||4|||
05302021|0056|0001|MNTNMJ80/PK/20||||6|||
05302021|0056|0001|MNTNMJ80/PK/19||||4|||
05302021|0056|0001|MNTNMJ80/GY/24||||6|||
05302021|0056|0001|MNTNMJ80/GY/23||||5|||
05302021|0056|0001|MNTNMJ80/GY/22||||4|||
05302021|0056|0001|MNTNMJ80/GY/21||||6|||
05302021|0056|0001|MNTNMJ80/GY/20||||5|||
05302021|0056|0001|MNTNMJ80/GY/19||||5|||
05302021|0056|0001|MNMKJ14/PK/30||||4|||
05302021|0056|0001|MNMKJ14/PK/29||||4|||
05302021|0056|0001|MNMKJ14/PK/28||||4|||
05302021|0056|0001|MNMKJ14/PK/27||||4|||
05302021|0056|0001|MNMKJ14/PK/26||||3|||
05302021|0056|0001|MNMKJ14/PK/25||||2|||
05302021|0056|0001|MNMKJ14/BK/29||||2|||
05302021|0056|0001|MNMKJ14/BK/28||||3|||
05302021|0056|0001|MNMKJ14/BK/27||||3|||
05302021|0056|0001|MNMKJ14/BK/26||||3|||
05302021|0056|0001|MNMKJ14/BK/25||||2|||
05302021|0056|0001|MNMKJ14/BK/30||||4|||
05302021|0056|0001|MNJYPL04/NV/27||||3|||
05302021|0056|0001|MNJYPL04/NV/26||||4|||
05302021|0056|0001|MNJYPL04/NV/25||||4|||
05302021|0056|0001|MNJYPL04/NV/30||||3|||
05302021|0056|0001|MNJYPL04/NV/29||||4|||
05302021|0056|0001|MNJYPL04/NV/28||||4|||
05302021|0056|0001|MNHXT56/PK/26||||0|||
05302021|0056|0001|MNHXT56/PK/25||||0|||
05302021|0056|0001|MNHXT56/PK/30||||0|||
05302021|0056|0001|MNHXT56/PK/29||||5|||
05302021|0056|0001|MNHXT56/PK/28||||0|||
05302021|0056|0001|MNHXT56/PK/27||||0|||
05302021|0056|0001|MNJYPL04/DTPK/30||||7|||
05302021|0056|0001|MNJYPL04/DTPK/29||||10|||
05302021|0056|0001|MNJYPL04/DTPK/28||||9|||
05302021|0056|0001|MNJYPL04/DTPK/27||||8|||
05302021|0056|0001|MNJYPL04/DTPK/26||||10|||
05302021|0056|0001|MNJYPL04/DTPK/25||||8|||
05302021|0056|0001|MNFYMJ01/GY/22||||11|||
05302021|0056|0001|MNFYMJ01/GY/21||||12|||
05302021|0056|0001|MNFYMJ01/GY/20||||13|||
05302021|0056|0001|MNFYMJ01/GY/19||||16|||
05302021|0056|0001|MNFYMJ01/GY/24||||10|||
05302021|0056|0001|MNFYMJ01/GY/23||||11|||
05302021|0056|0001|MNFYMJ01/DN/23||||6|||
05302021|0056|0001|MNFYMJ01/DN/22||||3|||
05302021|0056|0001|MNFYMJ01/DN/21||||6|||
05302021|0056|0001|MNFYMJ01/DN/20||||4|||
05302021|0056|0001|MNFYMJ01/DN/19||||2|||
05302021|0056|0001|MNFYMJ01/DN/24||||6|||
05302021|0056|0001|MCMKJ15/BK/28||||13|||
05302021|0056|0001|MCMKJ15/BK/27||||16|||
05302021|0056|0001|MCMKJ15/BK/26||||15|||
05302021|0056|0001|MCMKJ15/BK/25||||14|||
05302021|0056|0001|MCMKJ15/BK/30||||15|||
05302021|0056|0001|MCMKJ15/BK/29||||15|||
05302021|0056|0001|MNHXT56/FS/27||||4|||
05302021|0056|0001|MNHXT56/FS/26||||0|||
05302021|0056|0001|MNHXT56/FS/25||||0|||
05302021|0056|0001|MNHXT56/FS/30||||0|||
05302021|0056|0001|MNHXT56/FS/29||||2|||
05302021|0056|0001|MNHXT56/FS/28||||1|||
05302021|0056|0001|MNFYMJ01/PK/21||||14|||
05302021|0056|0001|MNFYMJ01/PK/20||||13|||
05302021|0056|0001|MNFYMJ01/PK/19||||14|||
05302021|0056|0001|MNFYMJ01/PK/24||||9|||
05302021|0056|0001|MNFYMJ01/PK/23||||14|||
05302021|0056|0001|MNFYMJ01/PK/22||||11|||
05302021|0056|0001|MCMKJ09/NV/26||||3|||
05302021|0056|0001|MCMKJ09/NV/25||||2|||
05302021|0056|0001|MCMKJ09/NV/30||||2|||
05302021|0056|0001|MCMKJ09/NV/29||||2|||
05302021|0056|0001|MCMKJ09/NV/28||||2|||
05302021|0056|0001|MCMKJ09/NV/27||||3|||
05302021|0056|0001|MCJYPL03/NV/28||||6|||
05302021|0056|0001|MCJYPL03/NV/27||||6|||
05302021|0056|0001|MCJYPL03/NV/26||||7|||
05302021|0056|0001|MCJYPL03/NV/25||||4|||
05302021|0056|0001|MCJYPL03/NV/30||||6|||
05302021|0056|0001|MCJYPL03/NV/29||||7|||
05302021|0056|0001|MCJYPL03/GY/26||||6|||
05302021|0056|0001|MCJYPL03/GY/25||||7|||
05302021|0056|0001|MCJYPL03/GY/30||||9|||
05302021|0056|0001|MCJYPL03/GY/29||||9|||
05302021|0056|0001|MCJYPL03/GY/28||||10|||
05302021|0056|0001|MCJYPL03/GY/27||||5|||
05302021|0056|0001|MCHXT61/GY/27||||0|||
05302021|0056|0001|MCHXT61/GY/26||||5|||
05302021|0056|0001|MCHXT61/GY/25||||2|||
05302021|0056|0001|MCHXT61/GY/30||||4|||
05302021|0056|0001|MCHXT61/GY/29||||5|||
05302021|0056|0001|MCHXT61/GY/28||||3|||
05302021|0056|0001|MCMKJ09/BK/29||||3|||
05302021|0056|0001|MCMKJ09/BK/28||||3|||
05302021|0056|0001|MCMKJ09/BK/27||||3|||
05302021|0056|0001|MCMKJ09/BK/26||||3|||
05302021|0056|0001|MCMKJ09/BK/25||||3|||
05302021|0056|0001|MCMKJ09/BK/30||||3|||
05302021|0056|0001|MC234/WTNV/22||||6|||
05302021|0056|0001|MC234/WTNV/21||||6|||
05302021|0056|0001|MC234/WTNV/20||||6|||
05302021|0056|0001|MC234/WTNV/19||||6|||
05302021|0056|0001|MCHXT61/BL/30||||0|||
05302021|0056|0001|MCHXT61/BL/29||||4|||
05302021|0056|0001|MCHXT61/BL/28||||1|||
05302021|0056|0001|MCHXT61/BL/27||||2|||
05302021|0056|0001|MCHXT61/BL/26||||0|||
05302021|0056|0001|MCHXT61/BL/25||||0|||
05302021|0056|0001|MC234/BKRD/20||||0|||
05302021|0056|0001|MC234/BKRD/19||||0|||
05302021|0056|0001|MC234/BKRD/22||||0|||
05302021|0056|0001|MC234/BKRD/21||||0|||
05302021|0056|0001|MC234/CRBR/21||||6|||
05302021|0056|0001|MC234/CRBR/20||||6|||
05302021|0056|0001|MC234/CRBR/19||||6|||
05302021|0056|0001|MC234/CRBR/22||||6|||
05302021|0056|0001|FZ343BO/27||||0|||
05302021|0056|0001|FZ343BO/26||||0|||
05302021|0056|0001|FZ343BO/25||||0|||
05302021|0056|0001|FZ343BO/24||||0|||
05302021|0056|0001|FZ343BO/23||||0|||
05302021|0056|0001|AQD502BV/33||||0|||
05302021|0056|0001|AQD502BV/32||||0|||
05302021|0056|0001|AQD502BV/31||||0|||
05302021|0056|0001|AQD502BV/30||||0|||
05302021|0056|0001|AQD502BV/29||||0|||
05302021|0056|0001|AQD502BV/28||||0|||
05302021|0056|0001|AQD502BV/27||||0|||
05302021|0056|0001|AQD502BV/26||||0|||
05302021|0056|0001|AQD502BV/25||||0|||
05302021|0056|0001|AQD502BV/24||||0|||
05302021|0056|0001|SP7033RG/30||||0|||
05302021|0056|0001|SP7033RG/29||||0|||
05302021|0056|0001|SP7033RG/28||||0|||
05302021|0056|0001|SP7033RG/27||||0|||
05302021|0056|0001|SP7033RG/26||||0|||
05302021|0056|0001|SP7033RG/25||||0|||
05302021|0056|0001|SP7033RG/24||||0|||
05302021|0056|0001|FZ801BB/32||||0|||
05302021|0056|0001|FZ801BB/31||||0|||
05302021|0056|0001|FZ801BB/30||||0|||
05302021|0056|0001|FZ801BB/29||||0|||
05302021|0056|0001|FZ801BB/28||||0|||
05302021|0056|0001|FZ801BB/27||||0|||
05302021|0056|0001|FZ801BB/26||||0|||
05302021|0056|0001|FZ801BB/25||||0|||
05302021|0056|0001|FZ1914PP/35||||0|||
05302021|0056|0001|FZ1914PP/34||||0|||
05302021|0056|0001|FZ1914PP/33||||0|||
05302021|0056|0001|FZ1914PP/32||||0|||
05302021|0056|0001|FZ1914PP/31||||0|||
05302021|0056|0001|FZ1914PP/30||||0|||
05302021|0056|0001|FZ1914PP/29||||0|||
05302021|0056|0001|FZ1914PP/28||||0|||
05302021|0056|0001|FZ1914PP/27||||0|||
05302021|0056|0001|FZ1914PP/26||||0|||
05302021|0056|0001|FZ249T/35||||0|||
05302021|0056|0001|FZ249T/34||||1|||
05302021|0056|0001|FZ249T/33||||0|||
05302021|0056|0001|FZ249T/32||||0|||
05302021|0056|0001|FZ249T/31||||0|||
05302021|0056|0001|FZ249T/30||||0|||
05302021|0056|0001|FZ249T/29||||0|||
05302021|0056|0001|FZ249T/28||||0|||
05302021|0056|0001|FZ249T/27||||0|||
05302021|0056|0001|FZ249T/26||||0|||
05302021|0056|0001|FZ1913OB/35||||0|||
05302021|0056|0001|FZ1913OB/34||||0|||
05302021|0056|0001|FZ1913OB/33||||0|||
05302021|0056|0001|FZ1913OB/32||||0|||
05302021|0056|0001|FZ1913OB/31||||0|||
05302021|0056|0001|FZ1913OB/30||||0|||
05302021|0056|0001|FZ1913OB/29||||0|||
05302021|0056|0001|FZ1913OB/28||||0|||
05302021|0056|0001|FZ1913OB/27||||0|||
05302021|0056|0001|FZ1913OB/26||||0|||
05302021|0056|0001|FZ025BS/32||||0|||
05302021|0056|0001|FZ025BS/31||||0|||
05302021|0056|0001|FZ025BS/30||||0|||
05302021|0056|0001|FZ025BS/29||||0|||
05302021|0056|0001|FZ025BS/28||||0|||
05302021|0056|0001|FZ025BS/27||||0|||
05302021|0056|0001|FZ1911BB/28||||0|||
05302021|0056|0001|FZ1911BB/27||||0|||
05302021|0056|0001|FZ1911BB/26||||0|||
05302021|0056|0001|FZ1911BB/25||||0|||
05302021|0056|0001|FZ1911BB/24||||0|||
05302021|0056|0001|FZ1911BB/23||||0|||
05302021|0056|0001|FZ004683N/30||||0|||
05302021|0056|0001|FZ004683N/29||||0|||
05302021|0056|0001|FZ004683N/28||||0|||
05302021|0056|0001|FZ004683N/27||||0|||
05302021|0056|0001|FZ004683N/26||||0|||
05302021|0056|0001|FZ004683N/25||||0|||
05302021|0056|0001|CSV008V/33||||0|||
05302021|0056|0001|CSV008V/32||||0|||
05302021|0056|0001|CSV008V/31||||0|||
05302021|0056|0001|CSV008V/30||||0|||
05302021|0056|0001|CSV008V/29||||0|||
05302021|0056|0001|CSV008V/28||||0|||
05302021|0056|0001|CSV008V/27||||0|||
05302021|0056|0001|CSV008V/26||||0|||
05302021|0056|0001|CSV008V/25||||0|||
05302021|0056|0001|CSV008V/24||||0|||
05302021|0056|0001|CST453B/27||||0|||
05302021|0056|0001|CST453B/26||||0|||
05302021|0056|0001|CST453B/25||||0|||
05302021|0056|0001|CST453B/24||||0|||
05302021|0056|0001|CST453B/23||||0|||
05302021|0056|0001|CST453B/22||||0|||
05302021|0056|0001|CST451G/27||||0|||
05302021|0056|0001|CST451G/26||||0|||
05302021|0056|0001|CST451G/25||||0|||
05302021|0056|0001|CST451G/24||||0|||
05302021|0056|0001|CST451G/23||||0|||
05302021|0056|0001|CST451G/22||||1|||
05302021|0056|0001|AQS508BV/33||||0|||
05302021|0056|0001|AQS508BV/32||||0|||
05302021|0056|0001|AQS508BV/31||||0|||
05302021|0056|0001|AQS508BV/30||||0|||
05302021|0056|0001|CSB455B/27||||0|||
05302021|0056|0001|CSB455B/26||||0|||
05302021|0056|0001|CSB455B/25||||0|||
05302021|0056|0001|CSB455B/24||||0|||
05302021|0056|0001|CSB455B/23||||0|||
05302021|0056|0001|CSB455B/22||||0|||
05302021|0056|0001|AQS509BR/33||||1|||
05302021|0056|0001|AQS509BR/32||||0|||
05302021|0056|0001|AQS509BR/31||||0|||
05302021|0056|0001|AQS509BR/30||||0|||
05302021|0056|0001|AQS509BR/29||||1|||
05302021|0056|0001|AV103RB/27||||0|||
05302021|0056|0001|AV103RB/26||||0|||
05302021|0056|0001|AV103RB/25||||0|||
05302021|0056|0001|AV103RB/24||||0|||
05302021|0056|0001|AV103RB/23||||0|||
05302021|0056|0001|CR788R/33||||0|||
05302021|0056|0001|CR788R/32||||0|||
05302021|0056|0001|CR788R/31||||0|||
05302021|0056|0001|CR788R/30||||0|||
05302021|0056|0001|CR788R/29||||0|||
05302021|0056|0001|CR788R/28||||0|||
05302021|0056|0001|AV022GR/28||||4|||
05302021|0056|0001|AV022GR/27||||4|||
05302021|0056|0001|AV022GR/26||||4|||
05302021|0056|0001|AV022GR/25||||1|||
05302021|0056|0001|AV022GR/24||||4|||
05302021|0056|0001|AV022GR/23||||4|||
05302021|0056|0001|AV021BR/32||||1|||
05302021|0056|0001|AV021BR/31||||3|||
05302021|0056|0001|AV021BR/30||||3|||
05302021|0056|0001|AV021BR/29||||3|||
05302021|0056|0001|AV021BR/28||||1|||
05302021|0056|0001|AVGN284/WTBK/D/XL||||2|||
05302021|0056|0001|AVGN284/WTBK/D/L||||5|||
05302021|0056|0001|AVGN284/WTBK/D/M||||8|||
05302021|0056|0001|AVGN284/WTBK/D/S||||8|||
05302021|0056|0001|SPDRS070/D/XL||||2|||
05302021|0056|0001|SPDRS070/D/L||||5|||
05302021|0056|0001|SPDRS070/D/M||||8|||
05302021|0056|0001|SPDRS070/D/S||||3|||
05302021|0056|0001|AVENA01/D/XL||||1|||
05302021|0056|0001|AVENA01/D/L||||2|||
05302021|0056|0001|AVENA01/D/M||||1|||
05302021|0056|0001|AVENA01/D/S||||1|||
05302021|0056|0001|SPDRN283/D/XL||||1|||
05302021|0056|0001|SPDRN283/D/L||||2|||
05302021|0056|0001|SPDRN283/D/M||||0|||
05302021|0056|0001|SPDRN283/D/S||||2|||
05302021|0056|0001|MSMA253/D/XL||||1|||
05302021|0056|0001|MSMA253/D/L||||2|||
05302021|0056|0001|MSMA253/D/M||||2|||
05302021|0056|0001|MSMA253/D/S||||5|||
05302021|0056|0001|COMICS119/D/XL||||0|||
05302021|0056|0001|COMICS119/D/L||||0|||
05302021|0056|0001|COMICS119/D/M||||1|||
05302021|0056|0001|COMICS119/D/S||||1|||
05302021|0056|0001|MARVELN042/D/XL||||8|||
05302021|0056|0001|MARVELN042/D/L||||1|||
05302021|0056|0001|MARVELN042/D/M||||2|||
05302021|0056|0001|MARVELN042/D/S||||1|||
05302021|0056|0001|MARVELS080/D/XL||||5|||
05302021|0056|0001|MARVELS080/D/L||||8|||
05302021|0056|0001|MARVELS080/D/M||||7|||
05302021|0056|0001|MARVELS080/D/S||||7|||
05302021|0056|0001|AVGHR61/D/XL||||0|||
05302021|0056|0001|AVGHR61/D/L||||0|||
05302021|0056|0001|AVGHR61/D/M||||0|||
05302021|0056|0001|AVGHR61/D/S||||0|||
05302021|0056|0001|COMICHR03/D/XL||||1|||
05302021|0056|0001|COMICHR03/D/L||||1|||
05302021|0056|0001|COMICHR03/D/M||||2|||
05302021|0056|0001|COMICHR03/D/S||||0|||
05302021|0056|0001|MSMA256/D/XL||||8|||
05302021|0056|0001|MSMA256/D/L||||7|||
05302021|0056|0001|MSMA256/D/M||||4|||
05302021|0056|0001|MSMA256/D/S||||7|||
05302021|0056|0001|MARVELS077/D/XL||||2|||
05302021|0056|0001|MARVELS077/D/L||||1|||
05302021|0056|0001|MARVELS077/D/M||||6|||
05302021|0056|0001|MARVELS077/D/S||||5|||
05302021|0056|0001|AVGS089/A/13||||4|||
05302021|0056|0001|AVGS089/A/11||||4|||
05302021|0056|0001|AVGS089/A/9||||3|||
05302021|0056|0001|AVGS089/A/7||||5|||
05302021|0056|0001|AVGS089/A/5||||6|||
05302021|0056|0001|AVGS089/A/L||||3|||
05302021|0056|0001|AVGS089/A/M||||3|||
05302021|0056|0001|AVGS089/A/S||||3|||
05302021|0056|0001|AVGHR208/A/M||||7|||
05302021|0056|0001|AVGHR208/A/S||||6|||
05302021|0056|0001|AVGHR208/A/13||||9|||
05302021|0056|0001|AVGHR208/A/11||||6|||
05302021|0056|0001|AVGHR208/A/9||||5|||
05302021|0056|0001|AVGHR208/A/7||||5|||
05302021|0056|0001|AVGHR208/A/5||||7|||
05302021|0056|0001|AVGHR208/A/L||||5|||
05302021|0056|0001|SPDRN295/MT/A/11||||1|||
05302021|0056|0001|SPDRN295/MT/A/9||||0|||
05302021|0056|0001|SPDRN295/MT/A/7||||0|||
05302021|0056|0001|SPDRN295/MT/A/5||||0|||
05302021|0056|0001|SPDRN295/MT/A/L||||1|||
05302021|0056|0001|SPDRN295/MT/A/M||||0|||
05302021|0056|0001|SPDRN295/MT/A/S||||0|||
05302021|0056|0001|SPDRN295/MT/A/13||||0|||
05302021|0056|0001|SPDRN295/NV/A/S||||9|||
05302021|0056|0001|SPDRN295/NV/A/13||||1|||
05302021|0056|0001|SPDRN295/NV/A/11||||1|||
05302021|0056|0001|SPDRN295/NV/A/9||||0|||
05302021|0056|0001|SPDRN295/NV/A/7||||2|||
05302021|0056|0001|SPDRN295/NV/A/5||||1|||
05302021|0056|0001|SPDRN295/NV/A/L||||4|||
05302021|0056|0001|SPDRN295/NV/A/M||||2|||
05302021|0056|0001|SPDRS070/A/L||||0|||
05302021|0056|0001|SPDRS070/A/M||||1|||
05302021|0056|0001|SPDRS070/A/S||||1|||
05302021|0056|0001|SPDRS070/A/13||||1|||
05302021|0056|0001|SPDRS070/A/11||||1|||
05302021|0056|0001|SPDRS070/A/9||||2|||
05302021|0056|0001|SPDRS070/A/7||||1|||
05302021|0056|0001|SPDRS070/A/5||||1|||
05302021|0056|0001|AVGN230/A/7||||1|||
05302021|0056|0001|AVGN230/A/5||||6|||
05302021|0056|0001|AVGN230/A/L||||2|||
05302021|0056|0001|AVGN230/A/M||||2|||
05302021|0056|0001|AVGN230/A/S||||2|||
05302021|0056|0001|AVGN230/A/13||||6|||
05302021|0056|0001|AVGN230/A/11||||8|||
05302021|0056|0001|AVGN230/A/9||||3|||
05302021|0056|0001|GAMEA183/A/13||||2|||
05302021|0056|0001|GAMEA183/A/11||||5|||
05302021|0056|0001|GAMEA183/A/9||||0|||
05302021|0056|0001|GAMEA183/A/7||||0|||
05302021|0056|0001|GAMEA183/A/5||||2|||
05302021|0056|0001|GAMEA183/A/L||||2|||
05302021|0056|0001|GAMEA183/A/M||||2|||
05302021|0056|0001|GAMEA183/A/S||||2|||
05302021|0056|0001|SPDRN75/A/S||||2|||
05302021|0056|0001|SPDRN75/A/13||||1|||
05302021|0056|0001|SPDRN75/A/11||||1|||
05302021|0056|0001|SPDRN75/A/9||||0|||
05302021|0056|0001|SPDRN75/A/7||||0|||
05302021|0056|0001|SPDRN75/A/5||||1|||
05302021|0056|0001|SPDRN75/A/L||||2|||
05302021|0056|0001|SPDRN75/A/M||||2|||
05302021|0056|0001|SPDRN222/D/XL||||0|||
05302021|0056|0001|SPDRN222/D/L||||0|||
05302021|0056|0001|SPDRN222/D/M||||1|||
05302021|0056|0001|SPDRN222/D/S||||2|||
05302021|0056|0001|COMICHR09/D/S||||1|||
05302021|0056|0001|COMICHR09/D/XL||||0|||
05302021|0056|0001|COMICHR09/D/L||||0|||
05302021|0056|0001|COMICHR09/D/M||||0|||
05302021|0056|0001|SPDRN223/D/XL||||0|||
05302021|0056|0001|SPDRN223/D/L||||1|||
05302021|0056|0001|SPDRN223/D/M||||0|||
05302021|0056|0001|SPDRN223/D/S||||2|||
05302021|0056|0001|SPDRN297/NVWT/D/M||||0|||
05302021|0056|0001|SPDRN297/NVWT/D/S||||2|||
05302021|0056|0001|SPDRN297/NVWT/D/XL||||0|||
05302021|0056|0001|SPDRN297/NVWT/D/L||||0|||
05302021|0056|0001|SPDRN297/MTRD/D/XL||||0|||
05302021|0056|0001|SPDRN297/MTRD/D/L||||2|||
05302021|0056|0001|SPDRN297/MTRD/D/M||||0|||
05302021|0056|0001|SPDRN297/MTRD/D/S||||2|||
05302021|0056|0001|SPDRN282/D/L||||0|||
05302021|0056|0001|SPDRN282/D/M||||0|||
05302021|0056|0001|SPDRN282/D/S||||0|||
05302021|0056|0001|SPDRN282/D/XL||||0|||
05302021|0056|0001|AVGN283/MT/D/XL||||1|||
05302021|0056|0001|AVGN283/MT/D/L||||5|||
05302021|0056|0001|AVGN283/MT/D/M||||5|||
05302021|0056|0001|AVGN283/MT/D/S||||5|||
05302021|0056|0001|AVGN283/BK/D/XL||||2|||
05302021|0056|0001|AVGN283/BK/D/L||||2|||
05302021|0056|0001|AVGN283/BK/D/M||||1|||
05302021|0056|0001|AVGN283/BK/D/S||||2|||
05302021|0056|0001|SPDRN281/D/XL||||1|||
05302021|0056|0001|SPDRN281/D/L||||1|||
05302021|0056|0001|SPDRN281/D/M||||1|||
05302021|0056|0001|SPDRN281/D/S||||2|||
05302021|0056|0001|SPDRHR05/A/7||||1|||
05302021|0056|0001|SPDRHR05/A/5||||9|||
05302021|0056|0001|SPDRHR05/A/L||||6|||
05302021|0056|0001|SPDRHR05/A/M||||6|||
05302021|0056|0001|SPDRHR05/A/S||||8|||
05302021|0056|0001|SPDRN285/D/XL||||1|||
05302021|0056|0001|SPDRN285/D/L||||1|||
05302021|0056|0001|SPDRN285/D/M||||1|||
05302021|0056|0001|SPDRN285/D/S||||4|||
05302021|0056|0001|AVGN394/D/M||||0|||
05302021|0056|0001|AVGN394/D/S||||0|||
05302021|0056|0001|AVGN394/D/XL||||0|||
05302021|0056|0001|AVGN394/D/L||||0|||
05302021|0056|0001|AVGN397/D/S||||2|||
05302021|0056|0001|AVGN397/D/XL||||0|||
05302021|0056|0001|AVGN397/D/L||||1|||
05302021|0056|0001|AVGN397/D/M||||1|||
05302021|0056|0001|AVGN390/D/XL||||0|||
05302021|0056|0001|AVGN390/D/L||||2|||
05302021|0056|0001|AVGN390/D/M||||0|||
05302021|0056|0001|AVGN390/D/S||||0|||
05302021|0056|0001|AVGN402/D/XL||||0|||
05302021|0056|0001|AVGN402/D/L||||1|||
05302021|0056|0001|AVGN402/D/M||||1|||
05302021|0056|0001|AVGN402/D/S||||2|||
05302021|0056|0001|AVGN398/D/L||||0|||
05302021|0056|0001|AVGN398/D/M||||0|||
05302021|0056|0001|AVGN398/D/S||||1|||
05302021|0056|0001|AVGN398/D/XL||||0|||
05302021|0056|0001|AVGN401/D/S||||1|||
05302021|0056|0001|AVGN401/D/XL||||0|||
05302021|0056|0001|AVGN401/D/L||||0|||
05302021|0056|0001|AVGN401/D/M||||0|||
05302021|0056|0001|AVGN403/D/XL||||0|||
05302021|0056|0001|AVGN403/D/L||||0|||
05302021|0056|0001|AVGN403/D/M||||0|||
05302021|0056|0001|AVGN403/D/S||||0|||
05302021|0056|0001|AVGN405/D/XL||||0|||
05302021|0056|0001|AVGN405/D/L||||0|||
05302021|0056|0001|AVGN405/D/M||||1|||
05302021|0056|0001|AVGN405/D/S||||2|||
05302021|0056|0001|SWN235/A/5||||1|||
05302021|0056|0001|SWN235/A/L||||1|||
05302021|0056|0001|SWN235/A/M||||0|||
05302021|0056|0001|SWN235/A/S||||1|||
05302021|0056|0001|SWN235/A/13||||0|||
05302021|0056|0001|SWN235/A/11||||0|||
05302021|0056|0001|SWN235/A/9||||0|||
05302021|0056|0001|SWN235/A/7||||0|||
05302021|0056|0001|SWN042/D/XL||||0|||
05302021|0056|0001|SWN042/D/L||||0|||
05302021|0056|0001|SWN042/D/M||||0|||
05302021|0056|0001|SWN042/D/S||||1|||
05302021|0056|0001|SWN040/D/XL||||0|||
05302021|0056|0001|SWN040/D/L||||0|||
05302021|0056|0001|SWN040/D/M||||1|||
05302021|0056|0001|SWN040/D/S||||0|||
05302021|0056|0001|STW9A35/D/S||||2|||
05302021|0056|0001|AOUMAGCA||||0|||
05302021|0056|0001|AOUMAGHB||||0|||
05302021|0056|0001|AS001LXL||||0|||
05302021|0056|0001|AS001SM||||0|||
05302021|0056|0001|AS002LXL||||0|||
05302021|0056|0001|AS002SM||||0|||
05302021|0056|0001|AS009LXL||||0|||
05302021|0056|0001|AS009SM||||0|||
05302021|0056|0001|ASEB05103A||||0|||
05302021|0056|0001|ASEB05105A||||0|||
05302021|0056|0001|ASEB05105C||||0|||
05302021|0056|0001|ASEB05105D||||0|||
05302021|0056|0001|ASEB05106A||||0|||
05302021|0056|0001|ASEB05106D||||0|||
05302021|0056|0001|ASEB05106F||||0|||
05302021|0056|0001|ASEB05107A||||0|||
05302021|0056|0001|ASEB05107D||||0|||
05302021|0056|0001|ASEB05107F||||0|||
05302021|0056|0001|ASEHSET10A||||0|||
05302021|0056|0001|ASEHSET10B||||0|||
05302021|0056|0001|ASEHSET10C||||0|||
05302021|0056|0001|ASEHSET10D||||0|||
05302021|0056|0001|ASEHSET11A||||0|||
05302021|0056|0001|ASEHSET11B||||0|||
05302021|0056|0001|ASEHSET11C||||0|||
05302021|0056|0001|ASEHSET11D||||0|||
05302021|0056|0001|ASEHSET12A||||0|||
05302021|0056|0001|ASEHSET12B||||0|||
05302021|0056|0001|ASEHSET12C||||0|||
05302021|0056|0001|ASEHSET12D||||0|||
05302021|0056|0001|ASEHSET13A||||0|||
05302021|0056|0001|ASEHSET13B||||0|||
05302021|0056|0001|ASEHSET13C||||0|||
05302021|0056|0001|ASEHSET13D||||0|||
05302021|0056|0001|ASEHSET1A||||0|||
05302021|0056|0001|ASEHSET1B||||0|||
05302021|0056|0001|ASEHSET1C||||0|||
05302021|0056|0001|ASEHSET1D||||0|||
05302021|0056|0001|ASEHSET2A||||0|||
05302021|0056|0001|ASEHSET2B||||0|||
05302021|0056|0001|ASEHSET2C||||0|||
05302021|0056|0001|ASEHSET2D||||0|||
05302021|0056|0001|ASEHSET3A||||0|||
05302021|0056|0001|ASEHSET3B||||0|||
05302021|0056|0001|ASEHSET3C||||0|||
05302021|0056|0001|ASEHSET3D||||0|||
05302021|0056|0001|ASEHSET4A||||0|||
05302021|0056|0001|ASEHSET4B||||0|||
05302021|0056|0001|ASEHSET4C||||0|||
05302021|0056|0001|ASEHSET4D||||0|||
05302021|0056|0001|ASEHSET5A||||0|||
05302021|0056|0001|ASEHSET5B||||0|||
05302021|0056|0001|ASEHSET5C||||0|||
05302021|0056|0001|ASEHSET5D||||0|||
05302021|0056|0001|ASEHSET6A||||0|||
05302021|0056|0001|ASEHSET6B||||0|||
05302021|0056|0001|ASEHSET6C||||0|||
05302021|0056|0001|ASEHSET6D||||0|||
05302021|0056|0001|ASEHSET7A||||0|||
05302021|0056|0001|ASEHSET7B||||0|||
05302021|0056|0001|ASEHSET7C||||0|||
05302021|0056|0001|ASEHSET7D||||0|||
05302021|0056|0001|ASEHSET8A||||0|||
05302021|0056|0001|ASEHSET8B||||0|||
05302021|0056|0001|ASEHSET8C||||0|||
05302021|0056|0001|ASEHSET8D||||0|||
05302021|0056|0001|ASEHSET9A||||0|||
05302021|0056|0001|ASEHSET9B||||0|||
05302021|0056|0001|ASEHSET9C||||0|||
05302021|0056|0001|ASEHSET9D||||0|||
05302021|0056|0001|ASESSET2A||||0|||
05302021|0056|0001|ASESSET2B||||0|||
05302021|0056|0001|ASEWSET1||||0|||
05302021|0056|0001|ASEWSET2||||0|||
05302021|0056|0001|ASEWSET3||||0|||
05302021|0056|0001|ASEWSET4||||0|||
05302021|0056|0001|AV052009931011Y||||0|||
05302021|0056|0001|AV052009931213Y||||0|||
05302021|0056|0001|AV0520099345Y||||0|||
05302021|0056|0001|AV0520099367Y||||0|||
05302021|0056|0001|AV0520099389Y||||0|||
05302021|0056|0001|AV052010091011Y||||0|||
05302021|0056|0001|AV052010091213Y||||0|||
05302021|0056|0001|AV0520100945Y||||0|||
05302021|0056|0001|AV0520100967Y||||0|||
05302021|0056|0001|AV0520100989Y||||0|||
05302021|0056|0001|AV121909411011Y||||0|||
05302021|0056|0001|AV121909411213Y||||0|||
05302021|0056|0001|AV1219094145Y||||0|||
05302021|0056|0001|AV1219094167Y||||0|||
05302021|0056|0001|AV1219094189Y||||0|||
05302021|0056|0001|AVAVB0803||||0|||
05302021|0056|0001|AVFB06106A||||0|||
05302021|0056|0001|AVFB06106B||||0|||
05302021|0056|0001|AVFB06107A||||0|||
05302021|0056|0001|AVFB06107B||||0|||
05302021|0056|0001|AVFHSET1A||||0|||
05302021|0056|0001|AVFHSET1B||||0|||
05302021|0056|0001|AVFHSET1C||||0|||
05302021|0056|0001|AVFHSET1D||||0|||
05302021|0056|0001|AVFHSET2A||||0|||
05302021|0056|0001|AVFHSET2B||||0|||
05302021|0056|0001|AVFHSET2C||||0|||
05302021|0056|0001|AVFHSET2D||||0|||
05302021|0056|0001|AVFHSET3A||||0|||
05302021|0056|0001|AVFHSET3B||||0|||
05302021|0056|0001|AVFHSET3C||||0|||
05302021|0056|0001|AVFHSET3D||||0|||
05302021|0056|0001|AVFHSET4A||||0|||
05302021|0056|0001|AVFHSET4B||||0|||
05302021|0056|0001|AVFHSET4C||||0|||
05302021|0056|0001|AVFHSET4D||||0|||
05302021|0056|0001|AVFHSET5A||||0|||
05302021|0056|0001|AVFHSET5B||||0|||
05302021|0056|0001|AVFHSET5C||||0|||
05302021|0056|0001|AVFHSET5D||||0|||
05302021|0056|0001|AVFHSET6A||||0|||
05302021|0056|0001|AVFHSET6B||||0|||
05302021|0056|0001|AVFHSET6C||||0|||
05302021|0056|0001|AVFHSET6D||||0|||
05302021|0056|0001|AVFHSET7A||||0|||
05302021|0056|0001|AVFHSET7B||||0|||
05302021|0056|0001|AVFHSET7C||||0|||
05302021|0056|0001|AVFHSET7D||||0|||
05302021|0056|0001|AVFHSET8A||||0|||
05302021|0056|0001|AVFHSET8B||||0|||
05302021|0056|0001|AVFR06201A||||0|||
05302021|0056|0001|AVFR06211A||||0|||
05302021|0056|0001|AVFR06220A||||0|||
05302021|0056|0001|AVFR06220B||||0|||
05302021|0056|0001|AVFWSET1||||0|||
05302021|0056|0001|AVFWSET2A||||0|||
05302021|0056|0001|AVFWSET2B||||0|||
05302021|0056|0001|AVFWSET3||||0|||
05302021|0056|0001|AVG2MAGHKF||||0|||
05302021|0056|0001|AVG2PINA||||0|||
05302021|0056|0001|AVG2PIND||||0|||
05302021|0056|0001|AVG2PINFLG||||0|||
05302021|0056|0001|AVG2PLH002||||0|||
05302021|0056|0001|AVG4PBCRN||||0|||
05302021|0056|0001|AVG4PBCTR||||0|||
05302021|0056|0001|AVG4PBCWM||||0|||
05302021|0056|0001|AVGGTNVL||||0|||
05302021|0056|0001|AVGGTNVM||||0|||
05302021|0056|0001|AVGGTNVS||||0|||
05302021|0056|0001|AVGGTNVXS||||0|||
05302021|0056|0001|AVGN243/A||||8|||
05302021|0056|0001|AVGN243/D||||4|||
05302021|0056|0001|AVGN248/A||||7|||
05302021|0056|0001|AVGN248/D||||0|||
05302021|0056|0001|AVGN283/BK/A/11||||2|||
05302021|0056|0001|AVGN283/BK/A/13||||2|||
05302021|0056|0001|AVGN283/BK/A/5||||2|||
05302021|0056|0001|AVGN283/BK/A/7||||2|||
05302021|0056|0001|AVGN283/BK/A/9||||1|||
05302021|0056|0001|AVGN283/BK/A/L||||1|||
05302021|0056|0001|AVGN283/BK/A/M||||0|||
05302021|0056|0001|AVGN283/BK/A/S||||0|||
05302021|0056|0001|AVGN283/MT/A/11||||2|||
05302021|0056|0001|AVGN283/MT/A/13||||2|||
05302021|0056|0001|AVGN283/MT/A/5||||2|||
05302021|0056|0001|AVGN283/MT/A/7||||2|||
05302021|0056|0001|AVGN283/MT/A/9||||1|||
05302021|0056|0001|AVGN283/MT/A/L||||1|||
05302021|0056|0001|AVGN283/MT/A/M||||1|||
05302021|0056|0001|AVGN283/MT/A/S||||1|||
05302021|0056|0001|AVGN284/MT/A/11||||2|||
05302021|0056|0001|AVGN284/MT/A/13||||1|||
05302021|0056|0001|AVGN284/MT/A/5||||1|||
05302021|0056|0001|AVGN284/MT/A/7||||1|||
05302021|0056|0001|AVGN284/MT/A/9||||2|||
05302021|0056|0001|AVGN284/MT/A/L||||1|||
05302021|0056|0001|AVGN284/MT/A/M||||1|||
05302021|0056|0001|AVGN284/MT/A/S||||6|||
05302021|0056|0001|AVGN284/WT/A/11||||2|||
05302021|0056|0001|AVGN284/WT/A/13||||2|||
05302021|0056|0001|AVGN284/WT/A/5||||2|||
05302021|0056|0001|AVGN284/WT/A/7||||2|||
05302021|0056|0001|AVGN284/WT/A/9||||2|||
05302021|0056|0001|AVGN284/WT/A/L||||1|||
05302021|0056|0001|AVGN284/WT/A/M||||1|||
05302021|0056|0001|AVGN284/WT/A/S||||1|||
05302021|0056|0001|AVGN390/D/XXL||||0|||
05302021|0056|0001|AVGN394/D/XXL||||1|||
05302021|0056|0001|AVGN397/D/XXL||||2|||
05302021|0056|0001|AVGN398/D/XXL||||1|||
05302021|0056|0001|AVGN401/D/XXL||||1|||
05302021|0056|0001|AVGN402/D/XXL||||2|||
05302021|0056|0001|AVGN403/D/XXL||||1|||
05302021|0056|0001|AVGN405/D/XXL||||1|||
05302021|0056|0001|AVGN406/D/L||||0|||
05302021|0056|0001|AVGN406/D/M||||0|||
05302021|0056|0001|AVGN406/D/S||||1|||
05302021|0056|0001|AVGN406/D/XL||||1|||
05302021|0056|0001|AVGN406/D/XXL||||2|||
05302021|0056|0001|AVGN407/D/L||||2|||
05302021|0056|0001|AVGN407/D/M||||1|||
05302021|0056|0001|AVGN407/D/S||||4|||
05302021|0056|0001|AVGN407/D/XL||||2|||
05302021|0056|0001|AVGN407/D/XXL||||2|||
05302021|0056|0001|AVGP85025||||0|||
05302021|0056|0001|AVGPINHF||||0|||
05302021|0056|0001|AVGPINIM||||0|||
05302021|0056|0001|AVGS073/A/11||||6|||
05302021|0056|0001|AVGS073/A/13||||5|||
05302021|0056|0001|AVGS073/A/5||||7|||
05302021|0056|0001|AVGS073/A/7||||4|||
05302021|0056|0001|AVGS073/A/9||||6|||
05302021|0056|0001|AVGS073/A/L||||4|||
05302021|0056|0001|AVGS073/A/M||||6|||
05302021|0056|0001|AVGS073/A/S||||5|||
05302021|0056|0001|AVGT05BKM||||0|||
05302021|0056|0001|AVGT08DGL||||0|||
05302021|0056|0001|AVGT08DGM||||0|||
05302021|0056|0001|AVGT08DGS||||0|||
05302021|0056|0001|AVGT08DGXL||||0|||
05302021|0056|0001|AVGT08DGXS||||0|||
05302021|0056|0001|AVGT13BKL||||0|||
05302021|0056|0001|AVGT13BKM||||0|||
05302021|0056|0001|AVGT13BKS||||0|||
05302021|0056|0001|AVGT13BKXL||||0|||
05302021|0056|0001|AVGT13BKXS||||0|||
05302021|0056|0001|AVGT16BKL||||0|||
05302021|0056|0001|AVGT16BKM||||0|||
05302021|0056|0001|AVGT16BKS||||0|||
05302021|0056|0001|AVGT16BKXS||||0|||
05302021|0056|0001|CA3AP04BKXL||||0|||
05302021|0056|0001|CA3AP06BLL||||0|||
05302021|0056|0001|CA3AP06BLM||||0|||
05302021|0056|0001|CA3AP06BLS||||0|||
05302021|0056|0001|CA3AP06BLXL||||0|||
05302021|0056|0001|CA3AP07BKM||||0|||
05302021|0056|0001|CA3AP07BKS||||0|||
05302021|0056|0001|CA3AP07BKXL||||0|||
05302021|0056|0001|CA3AP08RDL||||0|||
05302021|0056|0001|CA3AP08RDS||||0|||
05302021|0056|0001|CA3AP09BKL||||0|||
05302021|0056|0001|CA3AP09BKM||||0|||
05302021|0056|0001|CA3AP12BKS||||0|||
05302021|0056|0001|CA3AP12BKXL||||0|||
05302021|0056|0001|CA3AP15DGYL||||0|||
05302021|0056|0001|CA3AP15DGYM||||0|||
05302021|0056|0001|CA3AP15DGYS||||0|||
05302021|0056|0001|CA3AP21BKL||||0|||
05302021|0056|0001|CA3AP21BKM||||0|||
05302021|0056|0001|CA3AP21BKS||||0|||
05302021|0056|0001|CA3AP22WHL||||0|||
05302021|0056|0001|CA3AP22WHM||||0|||
05302021|0056|0001|CA3AP22WHS||||0|||
05302021|0056|0001|CA3AP22WHXL||||0|||
05302021|0056|0001|CA3AP25BKL||||0|||
05302021|0056|0001|CA3AP25BKM||||0|||
05302021|0056|0001|CA3AP25BKS||||0|||
05302021|0056|0001|CA3AP25BKXL||||0|||
05302021|0056|0001|CA3AP26WHL||||0|||
05302021|0056|0001|CA3AP26WHM||||0|||
05302021|0056|0001|CA3AP26WHS||||0|||
05302021|0056|0001|CA3AP26WHXL||||0|||
05302021|0056|0001|CA3AP27BKL||||0|||
05302021|0056|0001|CA3AP27BKM||||0|||
05302021|0056|0001|CA3AP27BKS||||0|||
05302021|0056|0001|CA3AP28BLS||||0|||
05302021|0056|0001|CA3MAG004||||0|||
05302021|0056|0001|CA3PIN002||||0|||
05302021|0056|0001|CA3PIN003||||0|||
05302021|0056|0001|CA3PIN004||||0|||
05302021|0056|0001|CAPTAMRCN002/A||||1|||
05302021|0056|0001|CAPTAMRCN002/D||||2|||
05302021|0056|0001|CMBHPST||||0|||
05302021|0056|0001|CMCHMB||||0|||
05302021|0056|0001|CMCHMS||||0|||
05302021|0056|0001|CMCHST||||0|||
05302021|0056|0001|CMMFBW||||0|||
05302021|0056|0001|CMMFMV||||0|||
05302021|0056|0001|CMMFPT||||0|||
05302021|0056|0001|CMMFST||||0|||
05302021|0056|0001|CMTKCMAM||||0|||
05302021|0056|0001|CMTKCMKH||||0|||
05302021|0056|0001|CMTKCMNH||||0|||
05302021|0056|0001|CMTKCST||||0|||
05302021|0056|0001|CSCT08RD110||||0|||
05302021|0056|0001|CSCT08RD120||||0|||
05302021|0056|0001|CSCT08RD130||||0|||
05302021|0056|0001|CSCT08RD140||||0|||
05302021|0056|0001|CSCT08RD150||||0|||
05302021|0056|0001|DAH016||||0|||
05302021|0056|0001|DC20SSMKBKL||||0|||
05302021|0056|0001|DC20SSMKBKM||||0|||
05302021|0056|0001|DC20SSMKBKS||||0|||
05302021|0056|0001|DC20SSMKBKXL||||0|||
05302021|0056|0001|DC20SSMKBKXS||||0|||
05302021|0056|0001|DC20SSMKBKXXL||||0|||
05302021|0056|0001|DC20SSMKWHL||||0|||
05302021|0056|0001|DC20SSMKWHM||||0|||
05302021|0056|0001|DC20SSMKWHS||||0|||
05302021|0056|0001|DC20SSMKWHXL||||0|||
05302021|0056|0001|DC20SSMKWHXS||||0|||
05302021|0056|0001|DC20SSMKWHXXL||||0|||
05302021|0056|0001|DC20SSMNRDL||||0|||
05302021|0056|0001|DC20SSMNRDM||||0|||
05302021|0056|0001|DC20SSMNRDS||||0|||
05302021|0056|0001|DC20SSMNRDXL||||0|||
05302021|0056|0001|DC20SSMNRDXS||||0|||
05302021|0056|0001|DC20SSMNRDXXL||||0|||
05302021|0056|0001|DC20SSMNWHL||||0|||
05302021|0056|0001|DC20SSMNWHM||||0|||
05302021|0056|0001|DC20SSMNWHS||||0|||
05302021|0056|0001|DC20SSMNWHXL||||0|||
05302021|0056|0001|DC20SSMNWHXS||||0|||
05302021|0056|0001|DC20SSMNWHXXL||||0|||
05302021|0056|0001|DCTBBBKL||||0|||
05302021|0056|0001|DCTBBBKM||||0|||
05302021|0056|0001|DCTBBBKS||||0|||
05302021|0056|0001|DCTBBBKXL||||0|||
05302021|0056|0001|DCTBBRDL||||0|||
05302021|0056|0001|DCTBBRDM||||0|||
05302021|0056|0001|DCTBBRDS||||0|||
05302021|0056|0001|DCTBBRDXL||||0|||
05302021|0056|0001|DCTBHBUL||||0|||
05302021|0056|0001|DCTBHBUM||||0|||
05302021|0056|0001|DCTBHBUS||||0|||
05302021|0056|0001|DCTBHBUXL||||0|||
05302021|0056|0001|DCTBHRDL||||0|||
05302021|0056|0001|DCTBHRDM||||0|||
05302021|0056|0001|DCTBHRDS||||0|||
05302021|0056|0001|DCTBHRDXL||||0|||
05302021|0056|0001|DCTCNDBNL||||0|||
05302021|0056|0001|DCTCNDBNM||||0|||
05302021|0056|0001|DCTCNDBNS||||0|||
05302021|0056|0001|DCTCNDBNXL||||0|||
05302021|0056|0001|DCTCNDBNXS||||0|||
05302021|0056|0001|DCTCNDBNXXL||||0|||
05302021|0056|0001|DCTCNDWHL||||0|||
05302021|0056|0001|DCTCNDWHM||||0|||
05302021|0056|0001|DCTCNDWHS||||0|||
05302021|0056|0001|DCTCNDWHXL||||0|||
05302021|0056|0001|DCTCNDWHXS||||0|||
05302021|0056|0001|DCTCNDWHXXL||||0|||
05302021|0056|0001|DCTPNCBKL||||0|||
05302021|0056|0001|DCTPNCBKM||||0|||
05302021|0056|0001|DCTPNCBKS||||0|||
05302021|0056|0001|DCTPNCBKXL||||0|||
05302021|0056|0001|DCTPNCBKXS||||0|||
05302021|0056|0001|DCTPNCBKXXL||||0|||
05302021|0056|0001|DCTPNCBUL||||0|||
05302021|0056|0001|DCTPNCBUM||||0|||
05302021|0056|0001|DCTPNCBUS||||0|||
05302021|0056|0001|DCTPNCBUXL||||0|||
05302021|0056|0001|DCTPNCBUXS||||0|||
05302021|0056|0001|DCTPNCBUXXL||||0|||
05302021|0056|0001|DNLDN001/A||||14|||
05302021|0056|0001|DONALDN001/D||||5|||
05302021|0056|0001|DPTCDBKL||||0|||
05302021|0056|0001|DPTCDBKM||||0|||
05302021|0056|0001|DPTCDBKS||||0|||
05302021|0056|0001|DPTCDBKXL||||0|||
05302021|0056|0001|DPTCDBUL||||0|||
05302021|0056|0001|DPTCDBUM||||0|||
05302021|0056|0001|DPTCDBUS||||0|||
05302021|0056|0001|DPTCDBUXL||||0|||
05302021|0056|0001|DPTRZBKL||||0|||
05302021|0056|0001|DPTRZBKM||||0|||
05302021|0056|0001|DPTRZBKS||||0|||
05302021|0056|0001|DPTRZBKXL||||0|||
05302021|0056|0001|DPTSBBKL||||0|||
05302021|0056|0001|DPTSBBKM||||0|||
05302021|0056|0001|DPTSBBKS||||0|||
05302021|0056|0001|DPTSBBKXL||||0|||
05302021|0056|0001|DPTSBPLL||||0|||
05302021|0056|0001|DPTSBPLM||||0|||
05302021|0056|0001|DPTSBPLS||||0|||
05302021|0056|0001|DPTSBPLXL||||0|||
05302021|0056|0001|DPTSWBKL||||0|||
05302021|0056|0001|DPTSWBKM||||0|||
05302021|0056|0001|DPTSWBKS||||0|||
05302021|0056|0001|DPTSWBKXL||||0|||
05302021|0056|0001|DPTSWWHL||||0|||
05302021|0056|0001|DPTSWWHM||||0|||
05302021|0056|0001|DPTSWWHS||||0|||
05302021|0056|0001|DPTSWWHXL||||0|||
05302021|0056|0001|DS002||||0|||
05302021|0056|0001|DS003||||0|||
05302021|0056|0001|DS006||||0|||
05302021|0056|0001|DS010AWD||||0|||
05302021|0056|0001|DS011BTB||||0|||
05302021|0056|0001|DS012TLM||||0|||
05302021|0056|0001|DS013SW||||0|||
05302021|0056|0001|DS014SP||||0|||
05302021|0056|0001|DS014TH||||0|||
05302021|0056|0001|DS015ISM||||0|||
05302021|0056|0001|DS015SP||||0|||
05302021|0056|0001|DS016SPIRON||||0|||
05302021|0056|0001|DS017SW||||0|||
05302021|0056|0001|DS018TSA||||0|||
05302021|0056|0001|DS019||||0|||
05302021|0056|0001|DS020||||0|||
05302021|0056|0001|DS021||||0|||
05302021|0056|0001|DS022||||0|||
05302021|0056|0001|DS028||||0|||
05302021|0056|0001|DS029||||0|||
05302021|0056|0001|DS030||||0|||
05302021|0056|0001|DS031DX||||0|||
05302021|0056|0001|DS032SP||||0|||
05302021|0056|0001|DS035||||0|||
05302021|0056|0001|DS036||||0|||
05302021|0056|0001|DS046||||0|||
05302021|0056|0001|DS047||||0|||
05302021|0056|0001|DS057||||0|||
05302021|0056|0001|DVTEQBKL||||0|||
05302021|0056|0001|DVTEQBKM||||0|||
05302021|0056|0001|DVTEQBKS||||0|||
05302021|0056|0001|DVTEQBKXL||||0|||
05302021|0056|0001|EA009||||0|||
05302021|0056|0001|EA015||||0|||
05302021|0056|0001|EA016||||0|||
05302021|0056|0001|EA026||||0|||
05302021|0056|0001|EA028||||0|||
05302021|0056|0001|EA030||||0|||
05302021|0056|0001|EA039||||0|||
05302021|0056|0001|EA040SP||||0|||
05302021|0056|0001|EAA003||||0|||
05302021|0056|0001|EAA004||||0|||
05302021|0056|0001|EAA006||||0|||
05302021|0056|0001|EAA008||||0|||
05302021|0056|0001|EAA009||||0|||
05302021|0056|0001|EAA010||||0|||
05302021|0056|0001|EAA013||||0|||
05302021|0056|0001|EAA019||||0|||
05302021|0056|0001|EAA021SP||||0|||
05302021|0056|0001|EAA024||||0|||
05302021|0056|0001|EAA036||||0|||
05302021|0056|0001|EAA039||||0|||
05302021|0056|0001|EAA055||||0|||
05302021|0056|0001|EAA058||||0|||
05302021|0056|0001|EAA059||||0|||
05302021|0056|0001|EAA060DX||||0|||
05302021|0056|0001|EAA065||||0|||
05302021|0056|0001|EAA065SP||||0|||
05302021|0056|0001|EAA066||||0|||
05302021|0056|0001|EAA066SP||||0|||
05302021|0056|0001|EAA067||||0|||
05302021|0056|0001|EAA069||||0|||
05302021|0056|0001|EAA070||||0|||
05302021|0056|0001|EAA072||||0|||
05302021|0056|0001|EAA073||||0|||
05302021|0056|0001|EAA075||||0|||
05302021|0056|0001|EAA075SP||||0|||
05302021|0056|0001|EAA077||||0|||
05302021|0056|0001|EAA079||||0|||
05302021|0056|0001|EAA080||||0|||
05302021|0056|0001|EAA081||||0|||
05302021|0056|0001|EAA082||||0|||
05302021|0056|0001|EAA084||||0|||
05302021|0056|0001|EAA085||||0|||
05302021|0056|0001|EAA086||||0|||
05302021|0056|0001|EAA087||||0|||
05302021|0056|0001|EAA093||||0|||
05302021|0056|0001|EAA100||||0|||
05302021|0056|0001|EGKCCA||||0|||
05302021|0056|0001|EGMAGGGS||||0|||
05302021|0056|0001|FZN2ECKBU100||||0|||
05302021|0056|0001|FZN2ECKBU110||||0|||
05302021|0056|0001|FZN2ECKBU120||||0|||
05302021|0056|0001|FZN2ECKBU130||||0|||
05302021|0056|0001|FZN2ECKBU140||||0|||
05302021|0056|0001|FZN2EKHBU100||||0|||
05302021|0056|0001|FZN2EKHBU110||||0|||
05302021|0056|0001|FZN2EKHBU120||||0|||
05302021|0056|0001|FZN2EKHBU130||||0|||
05302021|0056|0001|FZN2EKHBU140||||0|||
05302021|0056|0001|FZN2EKSSWH100||||0|||
05302021|0056|0001|FZN2EKSSWH110||||0|||
05302021|0056|0001|FZN2EKSSWH120||||0|||
05302021|0056|0001|FZN2EKSSWH130||||0|||
05302021|0056|0001|FZN2EKSSWH140||||0|||
05302021|0056|0001|FZN2ESKBU100||||0|||
05302021|0056|0001|FZN2ESKBU110||||0|||
05302021|0056|0001|FZN2ESKBU120||||0|||
05302021|0056|0001|FZN2ESKBU130||||0|||
05302021|0056|0001|FZN2ESKBU140||||0|||
05302021|0056|0001|FZN2ESKPL100||||0|||
05302021|0056|0001|FZN2ESKPL110||||0|||
05302021|0056|0001|FZN2ESKPL120||||0|||
05302021|0056|0001|FZN2ESKPL130||||0|||
05302021|0056|0001|FZN2ESKPL140||||0|||
05302021|0056|0001|FZN2OKSSWH100||||0|||
05302021|0056|0001|FZN2OKSSWH110||||0|||
05302021|0056|0001|FZN2OKSSWH120||||0|||
05302021|0056|0001|FZN2OKSSWH130||||0|||
05302021|0056|0001|FZN2OKSSWH140||||0|||
05302021|0056|0001|FZN2OLKHBU100||||0|||
05302021|0056|0001|FZN2OLKHBU110||||0|||
05302021|0056|0001|FZN2OLKHBU120||||0|||
05302021|0056|0001|FZN2OLKHBU130||||0|||
05302021|0056|0001|FZN2OLKHBU140||||0|||
05302021|0056|0001|FZN2SLKHPL100||||0|||
05302021|0056|0001|FZN2SLKHPL110||||0|||
05302021|0056|0001|FZN2SLKHPL120||||0|||
05302021|0056|0001|FZN2SLKHPL130||||0|||
05302021|0056|0001|FZN2SLKHPL140||||0|||
05302021|0056|0001|FZNPIN002||||0|||
05302021|0056|0001|FZNPIN004||||0|||
05302021|0056|0001|HA001CPA||||0|||
05302021|0056|0001|HE001IM||||0|||
05302021|0056|0001|INFPBCKCRC||||0|||
05302021|0056|0001|INFPBCKCTH||||0|||
05302021|0056|0001|INFSLFASM||||0|||
05302021|0056|0001|INFSLFBTR||||0|||
05302021|0056|0001|INFSLFCA||||0|||
05302021|0056|0001|INFSLFCAM||||0|||
05302021|0056|0001|INFSLFEG||||0|||
05302021|0056|0001|INFSLFICN||||0|||
05302021|0056|0001|INFSLFIG||||0|||
05302021|0056|0001|INFSLFILY3K||||0|||
05302021|0056|0001|INFSLFIM||||0|||
05302021|0056|0001|INFSLFSH||||0|||
05302021|0056|0001|INFSLFTH||||0|||
05302021|0056|0001|INFSLFTIN||||0|||
05302021|0056|0001|INFSLFTR||||0|||
05302021|0056|0001|IRNMNN001/A||||0|||
05302021|0056|0001|IRNMNN001/D||||0|||
05302021|0056|0001|MARVELN042/A/11||||0|||
05302021|0056|0001|MARVELN042/A/13||||0|||
05302021|0056|0001|MARVELN042/A/5||||0|||
05302021|0056|0001|MARVELN042/A/7||||0|||
05302021|0056|0001|MARVELN042/A/9||||6|||
05302021|0056|0001|MARVELN042/A/L||||8|||
05302021|0056|0001|MARVELN042/A/M||||7|||
05302021|0056|0001|MARVELN042/A/S||||0|||
05302021|0056|0001|MC006||||0|||
05302021|0056|0001|MC007||||0|||
05302021|0056|0001|MC007SP||||0|||
05302021|0056|0001|MC009||||0|||
05302021|0056|0001|MC010||||0|||
05302021|0056|0001|MC012||||0|||
05302021|0056|0001|MCKYN001/A||||0|||
05302021|0056|0001|MEA001BEYE||||0|||
05302021|0056|0001|MEA001CHK||||0|||
05302021|0056|0001|MEA001LTS||||0|||
05302021|0056|0001|MEA002SPAL||||0|||
05302021|0056|0001|MEA002SPAU||||0|||
05302021|0056|0001|MEA002SPGM||||0|||
05302021|0056|0001|MEA002SPHC||||0|||
05302021|0056|0001|MEA003DR||||0|||
05302021|0056|0001|MEA003THANOS||||0|||
05302021|0056|0001|MEA004AMB||||0|||
05302021|0056|0001|MEA004AXF||||0|||
05302021|0056|0001|MEA004CPD||||0|||
05302021|0056|0001|MEA004CXF||||0|||
05302021|0056|0001|MEA004DD||||0|||
05302021|0056|0001|MEA004JPO||||0|||
05302021|0056|0001|MEA004PNY||||0|||
05302021|0056|0001|MEA004SRV||||0|||
05302021|0056|0001|MEA005ELG||||0|||
05302021|0056|0001|MEA005EM||||0|||
05302021|0056|0001|MEA005ICD||||0|||
05302021|0056|0001|MEA005JCK||||0|||
05302021|0056|0001|MEA005VAD||||0|||
05302021|0056|0001|MEA006BIG||||0|||
05302021|0056|0001|MEA006CHS||||0|||
05302021|0056|0001|MEA006FLS||||0|||
05302021|0056|0001|MEA006FNK||||0|||
05302021|0056|0001|MEA006JDY||||0|||
05302021|0056|0001|MEA006NCK||||0|||
05302021|0056|0001|MEA007CRL||||0|||
05302021|0056|0001|MEA007EQ||||0|||
05302021|0056|0001|MEA007MD||||0|||
05302021|0056|0001|MEA007MFC||||0|||
05302021|0056|0001|MEA007SCR||||0|||
05302021|0056|0001|MEA007USL||||0|||
05302021|0056|0001|MEA008CDM||||0|||
05302021|0056|0001|MEA008CM||||0|||
05302021|0056|0001|MEA008MCM||||0|||
05302021|0056|0001|MEA008MM||||0|||
05302021|0056|0001|MEA008RM||||0|||
05302021|0056|0001|MEA008ST||||0|||
05302021|0056|0001|MEA009CYC||||0|||
05302021|0056|0001|MEA009MNT||||0|||
05302021|0056|0001|MEA009PHX||||0|||
05302021|0056|0001|MEA009WVR||||0|||
05302021|0056|0001|MEA010AB||||0|||
05302021|0056|0001|MEA010PB||||0|||
05302021|0056|0001|MEA010TB||||0|||
05302021|0056|0001|MEA010TM||||0|||
05302021|0056|0001|MEA011CAPB||||0|||
05302021|0056|0001|MEA011CMPB||||0|||
05302021|0056|0001|MEA011IMPB||||0|||
05302021|0056|0001|MEA011SP||||0|||
05302021|0056|0001|MEA012BGGCB||||0|||
05302021|0056|0001|MEA012BLCB||||0|||
05302021|0056|0001|MEA012BPCB||||0|||
05302021|0056|0001|MEA012DBCB||||0|||
05302021|0056|0001|MEA012DCCB||||0|||
05302021|0056|0001|MEA012WFCB||||0|||
05302021|0056|0001|MEA013MMCB||||0|||
05302021|0056|0001|MEA013NVCB||||0|||
05302021|0056|0001|MEA013PPCB||||0|||
05302021|0056|0001|MEA013SGCB||||0|||
05302021|0056|0001|MEA014||||0|||
05302021|0056|0001|MEA014AN||||0|||
05302021|0056|0001|MEA014ES||||0|||
05302021|0056|0001|MEA014NK||||0|||
05302021|0056|0001|MEA014OL||||0|||
05302021|0056|0001|MEA014SP||||0|||
05302021|0056|0001|MEA014SV||||0|||
05302021|0056|0001|MEA015M1||||0|||
05302021|0056|0001|MEA015M2||||0|||
05302021|0056|0001|MEA015M3||||0|||
05302021|0056|0001|MEA015M4||||0|||
05302021|0056|0001|MEA015M5||||0|||
05302021|0056|0001|MEA015M6||||0|||
05302021|0056|0001|MEA015M7||||0|||
05302021|0056|0001|MICKEYN001/D||||0|||
05302021|0056|0001|MK032009751011Y||||0|||
05302021|0056|0001|MK032009751213Y||||0|||
05302021|0056|0001|MK0320097545Y||||0|||
05302021|0056|0001|MK0320097567Y||||0|||
05302021|0056|0001|MK0320097589Y||||0|||
05302021|0056|0001|MK032009781011Y||||0|||
05302021|0056|0001|MK032009781213Y||||0|||
05302021|0056|0001|MK0320097845Y||||0|||
05302021|0056|0001|MK0320097867Y||||0|||
05302021|0056|0001|MK0320097889Y||||0|||
05302021|0056|0001|MK032009791011Y||||0|||
05302021|0056|0001|MK032009791213Y||||0|||
05302021|0056|0001|MK0320097945Y||||0|||
05302021|0056|0001|MK0320097967Y||||0|||
05302021|0056|0001|MK0320097989Y||||0|||
05302021|0056|0001|MK032009801011Y||||0|||
05302021|0056|0001|MK032009801213Y||||0|||
05302021|0056|0001|MK0320098045Y||||0|||
05302021|0056|0001|MK0320098067Y||||0|||
05302021|0056|0001|MK0320098089Y||||0|||
05302021|0056|0001|MK032010301011Y||||0|||
05302021|0056|0001|MK032010301213Y||||0|||
05302021|0056|0001|MK0320103045Y||||0|||
05302021|0056|0001|MK0320103067Y||||0|||
05302021|0056|0001|MK0320103089Y||||0|||
05302021|0056|0001|MK052000751011Y||||0|||
05302021|0056|0001|MK052000751213Y||||0|||
05302021|0056|0001|MK0520007545Y||||0|||
05302021|0056|0001|MK0520007567Y||||0|||
05302021|0056|0001|MK0520007589Y||||0|||
05302021|0056|0001|MK052010011011Y||||0|||
05302021|0056|0001|MK052010011213Y||||0|||
05302021|0056|0001|MK0520100145Y||||0|||
05302021|0056|0001|MK0520100167Y||||0|||
05302021|0056|0001|MK0520100189Y||||0|||
05302021|0056|0001|MK052010031011Y||||0|||
05302021|0056|0001|MK052010031213Y||||0|||
05302021|0056|0001|MK0520100345Y||||0|||
05302021|0056|0001|MK0520100367Y||||0|||
05302021|0056|0001|MK0520100389Y||||0|||
05302021|0056|0001|MKKCHK||||0|||
05302021|0056|0001|MKPINA||||0|||
05302021|0056|0001|MKPINB||||0|||
05302021|0056|0001|MKPIND||||0|||
05302021|0056|0001|MKPLH002||||0|||
05302021|0056|0001|MKPLH12CA||||0|||
05302021|0056|0001|MKPLH12HK||||0|||
05302021|0056|0001|MKPLH12IM||||0|||
05302021|0056|0001|MKPLH12SPM||||0|||
05302021|0056|0001|MKPLH12TR||||0|||
05302021|0056|0001|MKPLH4CA||||0|||
05302021|0056|0001|MKPLH4HK||||0|||
05302021|0056|0001|MKPLH4IM||||0|||
05302021|0056|0001|MKPLH4SPM||||0|||
05302021|0056|0001|MKPLH4TR||||0|||
05302021|0056|0001|MKPLH8CA||||0|||
05302021|0056|0001|MKPLH8HK||||0|||
05302021|0056|0001|MKPLH8IM||||0|||
05302021|0056|0001|MKPLH8SPM||||0|||
05302021|0056|0001|MKPLH8TR||||0|||
05302021|0056|0001|MKSWPIM||||0|||
05302021|0056|0001|MKSWPSPM||||0|||
05302021|0056|0001|MLFTBKL||||0|||
05302021|0056|0001|MLFTBKM||||0|||
05302021|0056|0001|MLFTBKS||||0|||
05302021|0056|0001|MLFTBKXL||||0|||
05302021|0056|0001|MLFTWHL||||0|||
05302021|0056|0001|MLFTWHM||||0|||
05302021|0056|0001|MLFTWHS||||0|||
05302021|0056|0001|MLFTWHXL||||0|||
05302021|0056|0001|MTA01/A/5||||2|||
05302021|0056|0001|MTA01/A/7||||1|||
05302021|0056|0001|MTA01/A/L||||1|||
05302021|0056|0001|MTA01/A/M||||1|||
05302021|0056|0001|MTA01/A/S||||2|||
05302021|0056|0001|MTA04/A/5||||2|||
05302021|0056|0001|MTA04/A/7||||1|||
05302021|0056|0001|MTA04/A/L||||2|||
05302021|0056|0001|MTA04/A/M||||1|||
05302021|0056|0001|MTA04/A/S||||2|||
05302021|0056|0001|MTA05/A/5||||1|||
05302021|0056|0001|MTA05/A/7||||2|||
05302021|0056|0001|MTA05/A/L||||2|||
05302021|0056|0001|MTA05/A/M||||3|||
05302021|0056|0001|MTA05/A/S||||1|||
05302021|0056|0001|MTA06/A/5||||2|||
05302021|0056|0001|MTA06/A/7||||2|||
05302021|0056|0001|MTA06/A/L||||0|||
05302021|0056|0001|MTA06/A/M||||0|||
05302021|0056|0001|MTA06/A/S||||1|||
05302021|0056|0001|MTA07/A/5||||4|||
05302021|0056|0001|MTA07/A/7||||3|||
05302021|0056|0001|MTA07/A/L||||0|||
05302021|0056|0001|MTA07/A/M||||1|||
05302021|0056|0001|MTA07/A/S||||3|||
05302021|0056|0001|MTA09/A/5||||0|||
05302021|0056|0001|MTA09/A/7||||1|||
05302021|0056|0001|MTA09/A/9||||5|||
05302021|0056|0001|MTA10/A/5||||3|||
05302021|0056|0001|MTA10/A/7||||1|||
05302021|0056|0001|MTA10/A/9||||2|||
05302021|0056|0001|MTA11/A/5||||2|||
05302021|0056|0001|MTA11/A/7||||2|||
05302021|0056|0001|MTA11/A/9||||1|||
05302021|0056|0001|MTA12/A/5||||2|||
05302021|0056|0001|MTA12/A/7||||2|||
05302021|0056|0001|MTA12/A/9||||1|||
05302021|0056|0001|MTA14/A/5||||2|||
05302021|0056|0001|MTA14/A/7||||2|||
05302021|0056|0001|MTA14/A/9||||6|||
05302021|0056|0001|MTA15/A/11||||6|||
05302021|0056|0001|MTA15/A/13||||5|||
05302021|0056|0001|MTA15/A/7||||0|||
05302021|0056|0001|MTA15/A/9||||5|||
05302021|0056|0001|MTA16/A/11||||1|||
05302021|0056|0001|MTA16/A/13||||1|||
05302021|0056|0001|MTA16/A/7||||1|||
05302021|0056|0001|MTA16/A/9||||2|||
05302021|0056|0001|MTA17/A/11||||2|||
05302021|0056|0001|MTA17/A/13||||2|||
05302021|0056|0001|MTA17/A/7||||1|||
05302021|0056|0001|MTA17/A/9||||0|||
05302021|0056|0001|MTA18/A/11||||2|||
05302021|0056|0001|MTA18/A/13||||1|||
05302021|0056|0001|MTA18/A/7||||1|||
05302021|0056|0001|MTA18/A/9||||2|||
05302021|0056|0001|MTA19/A/11||||2|||
05302021|0056|0001|MTA19/A/13||||1|||
05302021|0056|0001|MTA19/A/15||||1|||
05302021|0056|0001|MTA20/A/11||||2|||
05302021|0056|0001|MTA20/A/13||||1|||
05302021|0056|0001|MTA20/A/15||||1|||
05302021|0056|0001|MTA21/A/11||||2|||
05302021|0056|0001|MTA21/A/13||||2|||
05302021|0056|0001|MTA21/A/15||||2|||
05302021|0056|0001|MTA22/A/11||||2|||
05302021|0056|0001|MTA22/A/13||||1|||
05302021|0056|0001|MTA22/A/15||||2|||
05302021|0056|0001|MTA23/A/11||||2|||
05302021|0056|0001|MTA23/A/13||||1|||
05302021|0056|0001|MTA23/A/15||||1|||
05302021|0056|0001|MTA24/A/11||||1|||
05302021|0056|0001|MTA24/A/13||||2|||
05302021|0056|0001|MTA24/A/15||||0|||
05302021|0056|0001|MTA26/A/11||||0|||
05302021|0056|0001|MTA26/A/5||||1|||
05302021|0056|0001|MTA26/A/7||||2|||
05302021|0056|0001|MTA26/A/9||||1|||
05302021|0056|0001|MTA26/D/L||||1|||
05302021|0056|0001|MTA26/D/M||||2|||
05302021|0056|0001|MTA26/D/S||||2|||
05302021|0056|0001|MTA26/D/XL||||1|||
05302021|0056|0001|MTHR02/A/5||||0|||
05302021|0056|0001|MTHR02/A/7||||2|||
05302021|0056|0001|MTHR02/A/L||||0|||
05302021|0056|0001|MTHR02/A/M||||0|||
05302021|0056|0001|MTHR02/A/S||||0|||
05302021|0056|0001|MTHR03/A/5||||1|||
05302021|0056|0001|MTHR03/A/7||||0|||
05302021|0056|0001|MTHR03/A/L||||1|||
05302021|0056|0001|MTHR03/A/M||||3|||
05302021|0056|0001|MTHR03/A/S||||2|||
05302021|0056|0001|MTHR06/A/5||||5|||
05302021|0056|0001|MTHR06/A/7||||4|||
05302021|0056|0001|MTHR06/A/L||||7|||
05302021|0056|0001|MTHR06/A/M||||5|||
05302021|0056|0001|MTHR06/A/S||||4|||
05302021|0056|0001|MTHR10/A/5||||4|||
05302021|0056|0001|MTHR10/A/7||||1|||
05302021|0056|0001|MTHR10/A/9||||0|||
05302021|0056|0001|MTHR14/A/11||||2|||
05302021|0056|0001|MTHR14/A/13||||2|||
05302021|0056|0001|MTHR14/A/15||||2|||
05302021|0056|0001|MTHR15/A/11||||2|||
05302021|0056|0001|MTHR15/A/13||||2|||
05302021|0056|0001|MTHR15/A/15||||1|||
05302021|0056|0001|MTHR17/A/11||||2|||
05302021|0056|0001|MTHR17/A/13||||2|||
05302021|0056|0001|MTHR17/A/15||||2|||
05302021|0056|0001|MTHR20/A/11||||2|||
05302021|0056|0001|MTHR20/A/13||||2|||
05302021|0056|0001|MTHR20/A/15||||3|||
05302021|0056|0001|MTHR21/A/11||||1|||
05302021|0056|0001|MTHR21/A/13||||3|||
05302021|0056|0001|MTHR21/A/15||||1|||
05302021|0056|0001|MTHR25/A/11||||0|||
05302021|0056|0001|MTHR25/A/13||||2|||
05302021|0056|0001|MTHR25/A/15||||0|||
05302021|0056|0001|POOHN001/A||||11|||
05302021|0056|0001|POOHN001/D||||1|||
05302021|0056|0001|PRA01/A||||12|||
05302021|0056|0001|PRA01/D||||14|||
05302021|0056|0001|PRA02/A/GR||||16|||
05302021|0056|0001|PRA02/A/PK||||14|||
05302021|0056|0001|PRA02/D/GR||||12|||
05302021|0056|0001|PRA02/D/PK||||15|||
05302021|0056|0001|PXAP005BKL||||0|||
05302021|0056|0001|PXAP005BKM||||0|||
05302021|0056|0001|PXAP005BKS||||0|||
05302021|0056|0001|PXAP005BKXL||||0|||
05302021|0056|0001|PXAP005BKXS||||0|||
05302021|0056|0001|PXAPTWHL||||0|||
05302021|0056|0001|PXAPTWHM||||0|||
05302021|0056|0001|PXAPTWHS||||0|||
05302021|0056|0001|PXAPTWHXL||||0|||
05302021|0056|0001|PXAPTWHXS||||0|||
05302021|0056|0001|PXCTBZWH100||||0|||
05302021|0056|0001|PXCTBZWH110||||0|||
05302021|0056|0001|PXCTBZWH120||||0|||
05302021|0056|0001|PXCTBZWH130||||0|||
05302021|0056|0001|PXCTBZWH140||||0|||
05302021|0056|0001|PXCTWDYL100||||0|||
05302021|0056|0001|PXCTWDYL110||||0|||
05302021|0056|0001|PXCTWDYL120||||0|||
05302021|0056|0001|PXCTWDYL130||||0|||
05302021|0056|0001|PXCTWDYL140||||0|||
05302021|0056|0001|SM052000961011Y||||0|||
05302021|0056|0001|SM052000961213Y||||0|||
05302021|0056|0001|SM0520009645Y||||0|||
05302021|0056|0001|SM0520009667Y||||0|||
05302021|0056|0001|SM0520009689Y||||0|||
05302021|0056|0001|SM052000971011Y||||0|||
05302021|0056|0001|SM052000971213Y||||0|||
05302021|0056|0001|SM0520009745Y||||0|||
05302021|0056|0001|SM0520009767Y||||0|||
05302021|0056|0001|SM0520009789Y||||0|||
05302021|0056|0001|SM052000991011Y||||0|||
05302021|0056|0001|SM052000991213Y||||0|||
05302021|0056|0001|SM0520009945Y||||0|||
05302021|0056|0001|SM0520009967Y||||0|||
05302021|0056|0001|SM0520009989Y||||0|||
05302021|0056|0001|SM052009881011Y||||0|||
05302021|0056|0001|SM052009881213Y||||0|||
05302021|0056|0001|SM0520098845Y||||0|||
05302021|0056|0001|SM0520098867Y||||0|||
05302021|0056|0001|SM0520098889Y||||0|||
05302021|0056|0001|SPDRN393/A||||0|||
05302021|0056|0001|SPDRN393/D||||3|||
05302021|0056|0001|SPDRS145/A/11||||1|||
05302021|0056|0001|SPDRS145/A/13||||0|||
05302021|0056|0001|SPDRS145/A/5||||1|||
05302021|0056|0001|SPDRS145/A/7||||0|||
05302021|0056|0001|SPDRS145/A/9||||0|||
05302021|0056|0001|SPDRS145/A/L||||0|||
05302021|0056|0001|SPDRS145/A/M||||1|||
05302021|0056|0001|SPDRS145/A/S||||1|||
05302021|0056|0001|SWN041/D/L||||0|||
05302021|0056|0001|SWN041/D/M||||2|||
05302021|0056|0001|SWN041/D/S||||2|||
05302021|0056|0001|SWN041/D/XL||||2|||
05302021|0056|0001|SWN041/D/XXL||||0|||
05302021|0056|0001|SWN043/D/L||||6|||
05302021|0056|0001|SWN043/D/M||||3|||
05302021|0056|0001|SWN043/D/S||||3|||
05302021|0056|0001|SWN043/D/XL||||3|||
05302021|0056|0001|SWN043/D/XXL||||0|||
05302021|0056|0001|SWSCC002||||0|||
05302021|0056|0001|TRU18324L||||0|||
05302021|0056|0001|TRU18324M||||0|||
05302021|0056|0001|TRU18324S||||0|||
05302021|0056|0001|TRU18324XL||||0|||
05302021|0056|0001|TSUMCSHMK||||0|||
05302021|0056|0001|TSUMCSHMN||||0|||
05302021|0056|0001|TSUMCSHPH||||0|||
05302021|0056|0001|TUMPEN001||||0|||
05302021|0056|0001|TUMPEN002||||0|||
05302021|0056|0001|TUMPEN005||||0|||
05302021|0056|0001|TUMPEN006||||0|||
05302021|0056|0001|VIM19354L||||0|||
05302021|0056|0001|VIM19354M||||0|||
05302021|0056|0001|VIM19354S||||0|||
05302021|0056|0001|VIM19354XL||||0|||
05302021|0056|0001|VIM193592XL||||0|||
05302021|0056|0001|VIM19359L||||0|||
05302021|0056|0001|VIM19359M||||0|||
05302021|0056|0001|VIM19359S||||0|||
05302021|0056|0001|VIM19359XL||||0|||
05302021|0056|0001|VIM1939212XL||||0|||
05302021|0056|0001|VIM193921L||||0|||
05302021|0056|0001|VIM193921M||||0|||
05302021|0056|0001|VIM193921S||||0|||
05302021|0056|0001|VIM193921XL||||0|||
05302021|0056|0001|VIM195072XL||||0|||
05302021|0056|0001|VIM19507L||||0|||
05302021|0056|0001|VIM19507M||||0|||
05302021|0056|0001|VIM19507S||||0|||
05302021|0056|0001|VIM19507XL||||0|||
05302021|0056|0001|VIM196152XL||||0|||
05302021|0056|0001|VIM19615L||||0|||
05302021|0056|0001|VIM19615M||||0|||
05302021|0056|0001|VIM19615S||||0|||
05302021|0056|0001|VIM19615XL||||0|||
05302021|0056|0001|VIM196162XL||||0|||
05302021|0056|0001|VIM19616L||||0|||
05302021|0056|0001|VIM19616M||||0|||
05302021|0056|0001|VIM19616S||||0|||
05302021|0056|0001|VIM19616XL||||0|||
05302021|0056|0001|VIM196172XL||||0|||
05302021|0056|0001|VIM19617L||||0|||
05302021|0056|0001|VIM19617M||||0|||
05302021|0056|0001|VIM19617S||||0|||
05302021|0056|0001|VIM19617XL||||0|||
05302021|0056|0001|VIM20680U2XL||||0|||
05302021|0056|0001|VIM20680UL||||0|||
05302021|0056|0001|VIM20680UM||||0|||
05302021|0056|0001|VIM20680US||||0|||
05302021|0056|0001|VIM20680UXL||||0|||
05302021|0056|0001|VIM20680UXS||||0|||
05302021|0056|0001|VIM20681U2XL||||0|||
05302021|0056|0001|VIM20681UL||||0|||
05302021|0056|0001|VIM20681UM||||0|||
05302021|0056|0001|VIM20681US||||0|||
05302021|0056|0001|VIM20681UXL||||0|||
05302021|0056|0001|VIM20681UXS||||0|||
05302021|0056|0001|VIM20684U2XL||||0|||
05302021|0056|0001|VIM20684UL||||0|||
05302021|0056|0001|VIM20684UM||||0|||
05302021|0056|0001|VIM20684US||||0|||
05302021|0056|0001|VIM20684UXL||||0|||
05302021|0056|0001|VIM20684UXS||||0|||
05302021|0056|0001|VIM20685U2XL||||0|||
05302021|0056|0001|VIM20685UL||||0|||
05302021|0056|0001|VIM20685UM||||0|||
05302021|0056|0001|VIM20685US||||0|||
05302021|0056|0001|VIM20685UXL||||0|||
05302021|0056|0001|VIM20685UXS||||0|||
05302021|0056|0001|VIM20729RL||||0|||
05302021|0056|0001|VIM20729RM||||0|||
05302021|0056|0001|VIM20729RS||||0|||
05302021|0056|0001|VIM20729RXL||||0|||
05302021|0056|0001|WINMAG001||||0|||
05302021|0056|0001|AQS508BV/29||||0|||
05302021|0056|0001|52300132P1||||20|||
05302021|0056|0001|52300132P3||||16|||
05302021|0056|0001|52300132P4||||28|||
05302021|0056|0001|52300132P6||||33|||
05302021|0056|0001|52300132P8||||21|||
05302021|0056|0001|STW9A35/D/M||||1|||
05302021|0056|0001|STW9A35/D/L||||1|||
05302021|0056|0001|STW9A35/D/XL||||1|||
05302021|0056|0001|BLCKPNTRN004/A||||1|||
05302021|0056|0001|BLCKPNTRN004/D||||5|||
05302021|0056|0001|GWPDIS002||||0|||
05302021|0056|0001|GWPPIX001||||0|||
05302021|0056|0001|GWPMVL001||||0|||
05302021|0056|0001|GWPDIS001||||0|||
05302021|0056|0001|20018084||||2|||
05302021|0056|0001|20018083||||2|||
05302021|0056|0001|20018081||||4|||
05302021|0056|0001|20018082||||1|||
05302021|0056|0001|20010231||||6|||
05302021|0056|0001|20010232||||5|||
05302021|0056|0001|20010233||||3|||
05302021|0056|0001|20010234||||0|||
05302021|0056|0001|20010334||||5|||
05302021|0056|0001|MCFYSP10/NV/21||||12|||
05302021|0056|0001|MCFYSP10/NV/22||||12|||
05302021|0056|0001|MCFYSP10/NV/23||||12|||
05302021|0056|0001|MCFYSP10/NV/24||||12|||
05302021|0056|0001|MCFYSP10/NV/19||||11|||
05302021|0056|0001|MCFYSP10/NV/20||||13|||
05302021|0056|0001|FZMKJ10/PK/28||||5|||
05302021|0056|0001|FZMKJ10/PK/29||||5|||
05302021|0056|0001|FZMKJ10/PK/30||||6|||
05302021|0056|0001|FZMKJ10/PK/25||||6|||
05302021|0056|0001|FZMKJ10/PK/26||||6|||
05302021|0056|0001|FZMKJ10/PK/27||||7|||
05302021|0056|0001|FZMKJ10/NV/25||||6|||
05302021|0056|0001|FZMKJ10/NV/26||||6|||
05302021|0056|0001|FZMKJ10/NV/27||||6|||
05302021|0056|0001|FZMKJ10/NV/28||||5|||
05302021|0056|0001|FZMKJ10/NV/29||||6|||
05302021|0056|0001|FZMKJ10/NV/30||||6|||
05302021|0056|0001|MCJLK02/GY/26||||2|||
05302021|0056|0001|MCJLK02/GY/27||||6|||
05302021|0056|0001|MCJLK02/GY/28||||6|||
05302021|0056|0001|MCJLK02/GY/29||||6|||
05302021|0056|0001|MCJLK02/GY/30||||6|||
05302021|0056|0001|MCJLK02/GY/25||||0|||
05302021|0056|0001|MCJLK02/BK/29||||6|||
05302021|0056|0001|MCJLK02/BK/30||||6|||
05302021|0056|0001|MCJLK02/BK/25||||1|||
05302021|0056|0001|MCJLK02/BK/26||||3|||
05302021|0056|0001|MCJLK02/BK/27||||6|||
05302021|0056|0001|MCJLK02/BK/28||||6|||
05302021|0056|0001|MNCA05/PK/25||||6|||
05302021|0056|0001|MNCA05/PK/26||||9|||
05302021|0056|0001|MNCA05/PK/27||||4|||
05302021|0056|0001|MNCA05/PK/28||||7|||
05302021|0056|0001|MNCA05/PK/23||||6|||
05302021|0056|0001|MNCA05/PK/24||||7|||
05302021|0056|0001|MNCA05/FS/23||||12|||
05302021|0056|0001|MNCA05/FS/24||||15|||
05302021|0056|0001|MNCA05/FS/25||||9|||
05302021|0056|0001|MNCA05/FS/26||||12|||
05302021|0056|0001|MNCA05/FS/27||||12|||
05302021|0056|0001|MNCA05/FS/28||||9|||
05302021|0056|0001|SWMA7/A/S||||2|||
05302021|0056|0001|SWMA7/A/M||||1|||
05302021|0056|0001|SWMA7/A/L||||2|||
05302021|0056|0001|SWMA7/A/5||||2|||
05302021|0056|0001|SWMA7/A/7||||2|||
05302021|0056|0001|SWMA7/A/9||||2|||
05302021|0056|0001|SWMA7/A/11||||2|||
05302021|0056|0001|SWMA7/A/13||||2|||
05302021|0056|0001|SWMA8/A/S||||2|||
05302021|0056|0001|SWMA8/A/M||||2|||
05302021|0056|0001|SWMA8/A/L||||2|||
05302021|0056|0001|SWMA8/A/5||||2|||
05302021|0056|0001|SWMA8/A/7||||1|||
05302021|0056|0001|SWMA8/A/9||||2|||
05302021|0056|0001|SWMA8/A/11||||2|||
05302021|0056|0001|SWMA8/A/13||||0|||
05302021|0056|0001|SWMA9/A/S||||2|||
05302021|0056|0001|SWMA9/A/M||||1|||
05302021|0056|0001|SWMA9/A/L||||2|||
05302021|0056|0001|SWMA9/A/5||||2|||
05302021|0056|0001|SWMA9/A/7||||2|||
05302021|0056|0001|SWMA9/A/9||||2|||
05302021|0056|0001|SWMA9/A/11||||2|||
05302021|0056|0001|SWMA9/A/13||||0|||
05302021|0056|0001|SWMA1/D/S||||3|||
05302021|0056|0001|SWMA1/D/M||||3|||
05302021|0056|0001|SWMA1/D/L||||3|||
05302021|0056|0001|SWMA1/D/XL||||2|||
05302021|0056|0001|SWMA2/D/S||||1|||
05302021|0056|0001|SWMA2/D/M||||5|||
05302021|0056|0001|SWMA2/D/L||||3|||
05302021|0056|0001|SWMA2/D/XL||||1|||
05302021|0056|0001|SWMA3/D/S||||2|||
05302021|0056|0001|SWMA3/D/M||||2|||
05302021|0056|0001|SWMA3/D/L||||2|||
05302021|0056|0001|SWMA3/D/XL||||1|||
05302021|0056|0001|SWMA4/D/BK/S||||4|||
05302021|0056|0001|SWMA4/D/BK/M||||5|||
05302021|0056|0001|SWMA4/D/BK/L||||4|||
05302021|0056|0001|SWMA4/D/BK/XL||||4|||
05302021|0056|0001|SWMA4/D/MT/S||||3|||
05302021|0056|0001|SWMA4/D/MT/M||||5|||
05302021|0056|0001|SWMA4/D/MT/L||||5|||
05302021|0056|0001|SWMA4/D/MT/XL||||2|||
05302021|0056|0001|SWMA5/D/NV/S||||4|||
05302021|0056|0001|SWMA5/D/NV/M||||5|||
05302021|0056|0001|SWMA5/D/NV/L||||5|||
05302021|0056|0001|SWMA5/D/NV/XL||||5|||
05302021|0056|0001|SWMA5/D/MT/S||||2|||
05302021|0056|0001|SWMA5/D/MT/M||||5|||
05302021|0056|0001|SWMA5/D/MT/L||||4|||
05302021|0056|0001|SWMA5/D/MT/XL||||4|||
05302021|0056|0001|SWMA6/D/BK/S||||4|||
05302021|0056|0001|SWMA6/D/BK/M||||4|||
05302021|0056|0001|SWMA6/D/BK/L||||3|||
05302021|0056|0001|SWMA6/D/BK/XL||||3|||
05302021|0056|0001|SWMA6/D/MT/S||||2|||
05302021|0056|0001|SWMA6/D/MT/M||||5|||
05302021|0056|0001|SWMA6/D/MT/L||||6|||
05302021|0056|0001|SWMA6/D/MT/XL||||4|||
05302021|0056|0001|18018001||||20|||
05302021|0056|0001|18018002||||19|||
05302021|0056|0001|18018003||||19|||
05302021|0056|0001|18018305||||15|||
05302021|0056|0001|SWMA1/D/XXL||||3|||
05302021|0056|0001|SWMA2/D/XXL||||4|||
05302021|0056|0001|SMWA1/D/XXL||||0|||
05302021|0056|0001|SWMA4/D/BK/XXL||||4|||
05302021|0056|0001|SWMA4/D/MT/XXL||||3|||
05302021|0056|0001|SWMA5/D/NV/XXL||||3|||
05302021|0056|0001|SWMA5/D/MT/XXL||||3|||
05302021|0056|0001|SWMA6/D/BK/XXL||||4|||
05302021|0056|0001|SWMA6/D/MT/XXL||||2|||
05302021|0056|0001|SWMA3/D/XXL||||2|||
05302021|0056|0001|SWMA4/D/BK/XXL||||0|||
05302021|0056|0001|SWMA4/D/MT/XXL||||0|||
05302021|0056|0001|SWMA5/D/NV/XXL||||0|||
05302021|0056|0001|SWMA5/D/MT/XXL||||0|||
05302021|0056|0001|SWMA6/D/BK/XXL||||0|||
05302021|0056|0001|MC234/NVBR/19||||5|||
05302021|0056|0001|MC234/NVBR/20||||6|||
05302021|0056|0001|MC234/NVBR/21||||6|||
05302021|0056|0001|MC234/NVBR/22||||6|||