Order_type|Inbound_order|Inbound_item|Store_id|StorageLocation|ItemCode|Qty|UOM|PO_NUMBER|PO_ITEM|DELIV_DATE|HEADER_TEXT|ITEM_TEXT|VBN|MANU_DATE|EXPR_DATE|Remarks1|Remarks2|Remarks3
O|0180170471|000010|0056|0001|AVGHR208/A/S|1|PC|2000049734|000010|20201226||||||||
O|0180170471|000020|0056|0001|AVGS089/A/13|2|PC|2000049734|000020|20201226||||||||
O|0180170471|000030|0056|0001|AVGS089/A/11|2|PC|2000049734|000030|20201226||||||||
O|0180170471|000040|0056|0001|AVGHR208/A/M|1|PC|2000049734|000040|20201226||||||||
O|0180170471|000050|0056|0001|AVGHR208/A/L|1|PC|2000049734|000050|20201226||||||||
O|0180170471|000060|0056|0001|AVGHR208/A/5|2|PC|2000049734|000060|20201226||||||||
O|0180170471|000070|0056|0001|AVGS089/A/9|2|PC|2000049734|000070|20201226||||||||
O|0180170471|000080|0056|0001|AVGS089/A/7|2|PC|2000049734|000080|20201226||||||||
O|0180170471|000090|0056|0001|AVGS089/A/5|2|PC|2000049734|000090|20201226||||||||
O|0180170471|000100|0056|0001|AVGS089/A/L|1|PC|2000049734|000100|20201226||||||||
O|0180170471|000110|0056|0001|AVGS089/A/M|1|PC|2000049734|000110|20201226||||||||
O|0180170471|000120|0056|0001|AVGS089/A/S|1|PC|2000049734|000120|20201226||||||||
O|0180170471|000130|0056|0001|AVGHR208/A/7|2|PC|2000049734|000130|20201226||||||||
O|0180170471|000140|0056|0001|AVGHR208/A/9|2|PC|2000049734|000140|20201226||||||||
O|0180170471|000150|0056|0001|AVGHR208/A/11|2|PC|2000049734|000150|20201226||||||||
O|0180170471|000160|0056|0001|AVGHR208/A/13|2|PC|2000049734|000160|20201226||||||||
O|0180170471|000170|0056|0001|SPDRN295/MT/A/S|1|PC|2000049734|000170|20201226||||||||
O|0180170471|000180|0056|0001|SPDRN295/MT/A/M|1|PC|2000049734|000180|20201226||||||||
O|0180170471|000190|0056|0001|SPDRN295/MT/A/L|1|PC|2000049734|000190|20201226||||||||
O|0180170471|000200|0056|0001|SPDRN295/MT/A/5|2|PC|2000049734|000200|20201226||||||||
O|0180170471|000210|0056|0001|SPDRN295/MT/A/7|2|PC|2000049734|000210|20201226||||||||
O|0180170471|000220|0056|0001|SPDRN295/MT/A/9|2|PC|2000049734|000220|20201226||||||||
O|0180170471|000230|0056|0001|SPDRN295/MT/A/11|2|PC|2000049734|000230|20201226||||||||
O|0180170471|000240|0056|0001|SPDRN295/MT/A/13|2|PC|2000049734|000240|20201226||||||||
O|0180170471|000250|0056|0001|SPDRN295/NV/A/S|1|PC|2000049734|000250|20201226||||||||
O|0180170471|000260|0056|0001|SPDRN295/NV/A/M|1|PC|2000049734|000260|20201226||||||||
O|0180170471|000270|0056|0001|SPDRN295/NV/A/L|1|PC|2000049734|000270|20201226||||||||
O|0180170471|000280|0056|0001|SPDRN295/NV/A/5|2|PC|2000049734|000280|20201226||||||||
O|0180170471|000290|0056|0001|SPDRN295/NV/A/7|2|PC|2000049734|000290|20201226||||||||
O|0180170471|000300|0056|0001|SPDRN295/NV/A/9|2|PC|2000049734|000300|20201226||||||||
O|0180170471|000310|0056|0001|SPDRN295/NV/A/11|2|PC|2000049734|000310|20201226||||||||
O|0180170471|000320|0056|0001|SPDRN295/NV/A/13|2|PC|2000049734|000320|20201226||||||||
O|0180170471|000330|0056|0001|SPDRS145/A/S|1|PC|2000049734|000330|20201226||||||||
O|0180170471|000340|0056|0001|SPDRS145/A/M|1|PC|2000049734|000340|20201226||||||||
O|0180170471|000350|0056|0001|SPDRS145/A/L|1|PC|2000049734|000350|20201226||||||||
O|0180170471|000360|0056|0001|SPDRS145/A/5|2|PC|2000049734|000360|20201226||||||||
O|0180170471|000370|0056|0001|SPDRS145/A/7|2|PC|2000049734|000370|20201226||||||||
O|0180170471|000380|0056|0001|SPDRS145/A/9|2|PC|2000049734|000380|20201226||||||||
O|0180170471|000390|0056|0001|SPDRS145/A/11|2|PC|2000049734|000390|20201226||||||||
O|0180170471|000400|0056|0001|SPDRS145/A/13|2|PC|2000049734|000400|20201226||||||||
O|0180170471|000410|0056|0001|SPDRS070/A/S|1|PC|2000049734|000410|20201226||||||||
O|0180170471|000420|0056|0001|SPDRS070/A/M|1|PC|2000049734|000420|20201226||||||||
O|0180170471|000430|0056|0001|SPDRS070/A/L|1|PC|2000049734|000430|20201226||||||||
O|0180170471|000440|0056|0001|SPDRS070/A/5|2|PC|2000049734|000440|20201226||||||||
O|0180170471|000450|0056|0001|SPDRS070/A/7|2|PC|2000049734|000450|20201226||||||||
O|0180170471|000460|0056|0001|SPDRS070/A/9|2|PC|2000049734|000460|20201226||||||||
O|0180170471|000470|0056|0001|SPDRS070/A/11|2|PC|2000049734|000470|20201226||||||||
O|0180170471|000480|0056|0001|SPDRS070/A/13|2|PC|2000049734|000480|20201226||||||||
O|0180170471|000490|0056|0001|SPDRN276/A/S|1|PC|2000049734|000490|20201226||||||||
O|0180170471|000500|0056|0001|SPDRN276/A/M|1|PC|2000049734|000500|20201226||||||||
O|0180170471|000510|0056|0001|SPDRN276/A/L|1|PC|2000049734|000510|20201226||||||||
O|0180170471|000520|0056|0001|SPDRN276/A/5|2|PC|2000049734|000520|20201226||||||||
O|0180170471|000530|0056|0001|SPDRN276/A/7|2|PC|2000049734|000530|20201226||||||||
O|0180170471|000540|0056|0001|SPDRN276/A/9|2|PC|2000049734|000540|20201226||||||||
O|0180170471|000550|0056|0001|SPDRN276/A/11|2|PC|2000049734|000550|20201226||||||||
O|0180170471|000560|0056|0001|SPDRN276/A/13|2|PC|2000049734|000560|20201226||||||||
O|0180170471|000570|0056|0001|AVGS087/A/S|1|PC|2000049734|000570|20201226||||||||
O|0180170471|000580|0056|0001|AVGS087/A/M|1|PC|2000049734|000580|20201226||||||||
O|0180170471|000590|0056|0001|AVGS087/A/L|1|PC|2000049734|000590|20201226||||||||
O|0180170471|000600|0056|0001|AVGS087/A/5|2|PC|2000049734|000600|20201226||||||||
O|0180170471|000610|0056|0001|AVGS087/A/7|2|PC|2000049734|000610|20201226||||||||
O|0180170471|000620|0056|0001|AVGS087/A/9|2|PC|2000049734|000620|20201226||||||||
O|0180170471|000630|0056|0001|AVGS087/A/11|2|PC|2000049734|000630|20201226||||||||
O|0180170471|000640|0056|0001|AVGS087/A/13|2|PC|2000049734|000640|20201226||||||||
O|0180170471|000650|0056|0001|AVGHR03/A/S|2|PC|2000049734|000650|20201226||||||||
O|0180170471|000660|0056|0001|AVGHR03/A/M|2|PC|2000049734|000660|20201226||||||||
O|0180170471|000670|0056|0001|AVGHR03/A/L|2|PC|2000049734|000670|20201226||||||||
O|0180170471|000680|0056|0001|AVGHR03/A/5|2|PC|2000049734|000680|20201226||||||||
O|0180170471|000690|0056|0001|AVGHR03/A/7|2|PC|2000049734|000690|20201226||||||||
O|0180170471|000700|0056|0001|SPDRHR05/A/S|2|PC|2000049734|000700|20201226||||||||
O|0180170471|000710|0056|0001|SPDRHR05/A/M|2|PC|2000049734|000710|20201226||||||||
O|0180170471|000720|0056|0001|SPDRHR05/A/L|2|PC|2000049734|000720|20201226||||||||
O|0180170471|000730|0056|0001|SPDRHR05/A/5|2|PC|2000049734|000730|20201226||||||||
O|0180170471|000740|0056|0001|SPDRHR05/A/7|2|PC|2000049734|000740|20201226||||||||
O|0180170471|000750|0056|0001|SPDRHR04/A/S|2|PC|2000049734|000750|20201226||||||||
O|0180170471|000760|0056|0001|SPDRHR04/A/M|2|PC|2000049734|000760|20201226||||||||
O|0180170471|000770|0056|0001|SPDRHR04/A/L|2|PC|2000049734|000770|20201226||||||||
O|0180170471|000780|0056|0001|SPDRHR04/A/5|2|PC|2000049734|000780|20201226||||||||
O|0180170471|000790|0056|0001|SPDRHR04/A/7|2|PC|2000049734|000790|20201226||||||||
O|0180170471|000800|0056|0001|AVGN284/WT/A/S|1|PC|2000049734|000800|20201226||||||||
O|0180170471|000810|0056|0001|AVGN284/WT/A/M|1|PC|2000049734|000810|20201226||||||||
O|0180170471|000820|0056|0001|AVGN284/WT/A/L|1|PC|2000049734|000820|20201226||||||||
O|0180170471|000830|0056|0001|AVGN284/WT/A/5|2|PC|2000049734|000830|20201226||||||||
O|0180170471|000840|0056|0001|AVGN284/WT/A/7|2|PC|2000049734|000840|20201226||||||||
O|0180170471|000850|0056|0001|AVGN284/WT/A/9|2|PC|2000049734|000850|20201226||||||||
O|0180170471|000860|0056|0001|AVGN284/WT/A/11|2|PC|2000049734|000860|20201226||||||||
O|0180170471|000870|0056|0001|AVGN284/WT/A/13|2|PC|2000049734|000870|20201226||||||||
O|0180170471|000880|0056|0001|AVGN284/MT/A/S|0|PC|2000049734|000880|20201226||||||||
O|0180170471|000890|0056|0001|AVGN284/MT/A/M|1|PC|2000049734|000890|20201226||||||||
O|0180170471|000900|0056|0001|AVGN284/MT/A/L|1|PC|2000049734|000900|20201226||||||||
O|0180170471|000910|0056|0001|AVGN284/MT/A/5|2|PC|2000049734|000910|20201226||||||||
O|0180170471|000920|0056|0001|AVGN284/MT/A/7|2|PC|2000049734|000920|20201226||||||||
O|0180170471|000930|0056|0001|AVGN284/MT/A/9|2|PC|2000049734|000930|20201226||||||||
O|0180170471|000940|0056|0001|AVGN284/MT/A/11|2|PC|2000049734|000940|20201226||||||||
O|0180170471|000950|0056|0001|AVGN284/MT/A/13|2|PC|2000049734|000950|20201226||||||||
O|0180170471|000960|0056|0001|AVGN283/BK/A/S|1|PC|2000049734|000960|20201226||||||||
O|0180170471|000970|0056|0001|AVGN283/BK/A/M|1|PC|2000049734|000970|20201226||||||||
O|0180170471|000980|0056|0001|AVGN283/BK/A/L|1|PC|2000049734|000980|20201226||||||||
O|0180170471|000990|0056|0001|AVGN283/BK/A/5|2|PC|2000049734|000990|20201226||||||||
O|0180170471|001000|0056|0001|AVGN283/BK/A/7|2|PC|2000049734|001000|20201226||||||||
O|0180170471|001010|0056|0001|AVGN283/BK/A/9|2|PC|2000049734|001010|20201226||||||||
O|0180170471|001020|0056|0001|AVGN283/BK/A/11|2|PC|2000049734|001020|20201226||||||||
O|0180170471|001030|0056|0001|AVGN283/BK/A/13|2|PC|2000049734|001030|20201226||||||||
O|0180170471|001040|0056|0001|AVGN283/MT/A/S|1|PC|2000049734|001040|20201226||||||||
O|0180170471|001050|0056|0001|AVGN283/MT/A/M|1|PC|2000049734|001050|20201226||||||||
O|0180170471|001060|0056|0001|AVGN283/MT/A/L|1|PC|2000049734|001060|20201226||||||||
O|0180170471|001070|0056|0001|AVGN283/MT/A/5|2|PC|2000049734|001070|20201226||||||||
O|0180170471|001080|0056|0001|AVGN283/MT/A/7|2|PC|2000049734|001080|20201226||||||||
O|0180170471|001090|0056|0001|AVGN283/MT/A/9|2|PC|2000049734|001090|20201226||||||||
O|0180170471|001100|0056|0001|AVGN283/MT/A/11|2|PC|2000049734|001100|20201226||||||||
O|0180170471|001110|0056|0001|AVGN283/MT/A/13|2|PC|2000049734|001110|20201226||||||||
O|0180170471|001120|0056|0001|AVGN230/A/S|1|PC|2000049734|001120|20201226||||||||
O|0180170471|001130|0056|0001|AVGN230/A/M|1|PC|2000049734|001130|20201226||||||||
O|0180170471|001140|0056|0001|AVGN230/A/L|1|PC|2000049734|001140|20201226||||||||
O|0180170471|001150|0056|0001|AVGN230/A/5|2|PC|2000049734|001150|20201226||||||||
O|0180170471|001160|0056|0001|AVGN230/A/7|2|PC|2000049734|001160|20201226||||||||
O|0180170471|001170|0056|0001|AVGN230/A/9|2|PC|2000049734|001170|20201226||||||||
O|0180170471|001180|0056|0001|AVGN230/A/11|2|PC|2000049734|001180|20201226||||||||
O|0180170471|001190|0056|0001|AVGN230/A/13|2|PC|2000049734|001190|20201226||||||||
O|0180170471|001200|0056|0001|AVGN242/A/S|1|PC|2000049734|001200|20201226||||||||
O|0180170471|001210|0056|0001|AVGN242/A/M|1|PC|2000049734|001210|20201226||||||||
O|0180170471|001220|0056|0001|AVGN242/A/L|1|PC|2000049734|001220|20201226||||||||
O|0180170471|001230|0056|0001|AVGN242/A/5|2|PC|2000049734|001230|20201226||||||||
O|0180170471|001240|0056|0001|AVGN242/A/7|2|PC|2000049734|001240|20201226||||||||
O|0180170471|001250|0056|0001|AVGN242/A/9|2|PC|2000049734|001250|20201226||||||||
O|0180170471|001260|0056|0001|AVGN242/A/11|2|PC|2000049734|001260|20201226||||||||
O|0180170471|001270|0056|0001|AVGN242/A/13|2|PC|2000049734|001270|20201226||||||||
O|0180170471|001280|0056|0001|AVGS073/A/S|0|PC|2000049734|001280|20201226||||||||
O|0180170471|001290|0056|0001|AVGS073/A/M|0|PC|2000049734|001290|20201226||||||||
O|0180170471|001300|0056|0001|AVGS073/A/L|0|PC|2000049734|001300|20201226||||||||
O|0180170471|001310|0056|0001|AVGS073/A/5|0|PC|2000049734|001310|20201226||||||||
O|0180170471|001320|0056|0001|AVGS073/A/7|0|PC|2000049734|001320|20201226||||||||
O|0180170471|001330|0056|0001|AVGS073/A/9|0|PC|2000049734|001330|20201226||||||||
O|0180170471|001340|0056|0001|AVGS073/A/11|0|PC|2000049734|001340|20201226||||||||
O|0180170471|001350|0056|0001|AVGS073/A/13|0|PC|2000049734|001350|20201226||||||||
O|0180170471|001360|0056|0001|MARVELN042/A/S|1|PC|2000049734|001360|20201226||||||||
O|0180170471|001370|0056|0001|MARVELN042/A/M|1|PC|2000049734|001370|20201226||||||||
O|0180170471|001380|0056|0001|MARVELN042/A/L|1|PC|2000049734|001380|20201226||||||||
O|0180170471|001390|0056|0001|MARVELN042/A/5|2|PC|2000049734|001390|20201226||||||||
O|0180170471|001400|0056|0001|MARVELN042/A/7|2|PC|2000049734|001400|20201226||||||||
O|0180170471|001410|0056|0001|MARVELN042/A/9|2|PC|2000049734|001410|20201226||||||||
O|0180170471|001420|0056|0001|MARVELN042/A/11|2|PC|2000049734|001420|20201226||||||||
O|0180170471|001430|0056|0001|MARVELN042/A/13|2|PC|2000049734|001430|20201226||||||||
O|0180170471|001440|0056|0001|AVGS088/A/S|1|PC|2000049734|001440|20201226||||||||
O|0180170471|001450|0056|0001|AVGS088/A/M|1|PC|2000049734|001450|20201226||||||||
O|0180170471|001460|0056|0001|AVGS088/A/L|1|PC|2000049734|001460|20201226||||||||
O|0180170471|001470|0056|0001|AVGS088/A/5|2|PC|2000049734|001470|20201226||||||||
O|0180170471|001480|0056|0001|AVGS088/A/7|2|PC|2000049734|001480|20201226||||||||
O|0180170471|001490|0056|0001|AVGS088/A/9|2|PC|2000049734|001490|20201226||||||||
O|0180170471|001500|0056|0001|AVGS088/A/11|2|PC|2000049734|001500|20201226||||||||
O|0180170471|001510|0056|0001|AVGS088/A/13|2|PC|2000049734|001510|20201226||||||||
O|0180170471|001520|0056|0001|GAMEA71/A/S|2|PC|2000049734|001520|20201226||||||||
O|0180170471|001530|0056|0001|GAMEA71/A/M|2|PC|2000049734|001530|20201226||||||||
O|0180170471|001540|0056|0001|GAMEA71/A/L|2|PC|2000049734|001540|20201226||||||||
O|0180170471|001550|0056|0001|GAMEA71/A/5|2|PC|2000049734|001550|20201226||||||||
O|0180170471|001560|0056|0001|GAMEA71/A/7|2|PC|2000049734|001560|20201226||||||||
O|0180170471|001570|0056|0001|GAMEA71/A/9|2|PC|2000049734|001570|20201226||||||||
O|0180170471|001580|0056|0001|GAMEA71/A/11|2|PC|2000049734|001580|20201226||||||||
O|0180170471|001590|0056|0001|GAMEA71/A/13|2|PC|2000049734|001590|20201226||||||||
O|0180170471|001600|0056|0001|GAMEA72/A/S|2|PC|2000049734|001600|20201226||||||||
O|0180170471|001610|0056|0001|GAMEA72/A/M|2|PC|2000049734|001610|20201226||||||||
O|0180170471|001620|0056|0001|GAMEA72/A/L|2|PC|2000049734|001620|20201226||||||||
O|0180170471|001630|0056|0001|GAMEA72/A/5|2|PC|2000049734|001630|20201226||||||||
O|0180170471|001640|0056|0001|GAMEA72/A/7|2|PC|2000049734|001640|20201226||||||||
O|0180170471|001650|0056|0001|GAMEA72/A/9|2|PC|2000049734|001650|20201226||||||||
O|0180170471|001660|0056|0001|GAMEA72/A/11|2|PC|2000049734|001660|20201226||||||||
O|0180170471|001670|0056|0001|GAMEA72/A/13|2|PC|2000049734|001670|20201226||||||||
O|0180170471|001680|0056|0001|GAMEA183/A/S|2|PC|2000049734|001680|20201226||||||||
O|0180170471|001690|0056|0001|GAMEA183/A/M|2|PC|2000049734|001690|20201226||||||||
O|0180170471|001700|0056|0001|GAMEA183/A/L|2|PC|2000049734|001700|20201226||||||||
O|0180170471|001710|0056|0001|GAMEA183/A/5|2|PC|2000049734|001710|20201226||||||||
O|0180170471|001720|0056|0001|GAMEA183/A/7|2|PC|2000049734|001720|20201226||||||||
O|0180170471|001730|0056|0001|GAMEA183/A/9|2|PC|2000049734|001730|20201226||||||||
O|0180170471|001740|0056|0001|GAMEA183/A/11|2|PC|2000049734|001740|20201226||||||||
O|0180170471|001750|0056|0001|GAMEA183/A/13|2|PC|2000049734|001750|20201226||||||||
O|0180170471|001760|0056|0001|SPDRN75/A/S|2|PC|2000049734|001760|20201226||||||||
O|0180170471|001770|0056|0001|SPDRN75/A/M|2|PC|2000049734|001770|20201226||||||||
O|0180170471|001780|0056|0001|SPDRN75/A/L|2|PC|2000049734|001780|20201226||||||||
O|0180170471|001790|0056|0001|SPDRN75/A/5|2|PC|2000049734|001790|20201226||||||||
O|0180170471|001800|0056|0001|SPDRN75/A/7|2|PC|2000049734|001800|20201226||||||||
O|0180170471|001810|0056|0001|SPDRN75/A/9|2|PC|2000049734|001810|20201226||||||||
O|0180170471|001820|0056|0001|SPDRN75/A/11|2|PC|2000049734|001820|20201226||||||||
O|0180170471|001830|0056|0001|SPDRN75/A/13|2|PC|2000049734|001830|20201226||||||||
O|0180170471|001840|0056|0001|AVGS029/A/S|2|PC|2000049734|001840|20201226||||||||
O|0180170471|001850|0056|0001|AVGS029/A/M|2|PC|2000049734|001850|20201226||||||||
O|0180170471|001860|0056|0001|AVGS029/A/L|2|PC|2000049734|001860|20201226||||||||
O|0180170471|001870|0056|0001|AVGS029/A/5|2|PC|2000049734|001870|20201226||||||||
O|0180170471|001880|0056|0001|AVGS029/A/7|2|PC|2000049734|001880|20201226||||||||
O|0180170471|001890|0056|0001|AVGS029/A/9|2|PC|2000049734|001890|20201226||||||||
O|0180170471|001900|0056|0001|AVGS029/A/11|2|PC|2000049734|001900|20201226||||||||
O|0180170471|001910|0056|0001|AVGS029/A/13|2|PC|2000049734|001910|20201226||||||||
O|0180170471|001920|0056|0001|SPDRN253/A/S|2|PC|2000049734|001920|20201226||||||||
O|0180170471|001930|0056|0001|SPDRN253/A/M|2|PC|2000049734|001930|20201226||||||||
O|0180170471|001940|0056|0001|SPDRN253/A/L|2|PC|2000049734|001940|20201226||||||||
O|0180170471|001950|0056|0001|SPDRN253/A/5|2|PC|2000049734|001950|20201226||||||||
O|0180170471|001960|0056|0001|SPDRN253/A/7|2|PC|2000049734|001960|20201226||||||||
O|0180170471|001970|0056|0001|SPDRN253/A/9|2|PC|2000049734|001970|20201226||||||||
O|0180170471|001980|0056|0001|SPDRN253/A/11|2|PC|2000049734|001980|20201226||||||||
O|0180170471|001990|0056|0001|SPDRN253/A/13|2|PC|2000049734|001990|20201226||||||||
O|0180170471|002000|0056|0001|SPDRN216/D/S|2|PC|2000049734|002000|20201226||||||||
O|0180170471|002010|0056|0001|SPDRN216/D/M|2|PC|2000049734|002010|20201226||||||||
O|0180170471|002020|0056|0001|SPDRN216/D/L|2|PC|2000049734|002020|20201226||||||||
O|0180170471|002030|0056|0001|SPDRN216/D/XL|2|PC|2000049734|002030|20201226||||||||
O|0180170471|002040|0056|0001|MSMA253/D/S|2|PC|2000049734|002040|20201226||||||||
O|0180170471|002050|0056|0001|MSMA253/D/M|2|PC|2000049734|002050|20201226||||||||
O|0180170471|002060|0056|0001|MSMA253/D/L|2|PC|2000049734|002060|20201226||||||||
O|0180170471|002070|0056|0001|MSMA253/D/XL|2|PC|2000049734|002070|20201226||||||||
O|0180170471|002080|0056|0001|AVENA01/D/S|2|PC|2000049734|002080|20201226||||||||
O|0180170471|002090|0056|0001|AVENA01/D/M|2|PC|2000049734|002090|20201226||||||||
O|0180170471|002100|0056|0001|AVENA01/D/L|2|PC|2000049734|002100|20201226||||||||
O|0180170471|002110|0056|0001|AVENA01/D/XL|2|PC|2000049734|002110|20201226||||||||
O|0180170471|002120|0056|0001|SPDRN222/D/S|2|PC|2000049734|002120|20201226||||||||
O|0180170471|002130|0056|0001|SPDRN222/D/M|2|PC|2000049734|002130|20201226||||||||
O|0180170471|002140|0056|0001|SPDRN222/D/L|2|PC|2000049734|002140|20201226||||||||
O|0180170471|002150|0056|0001|SPDRN222/D/XL|2|PC|2000049734|002150|20201226||||||||
O|0180170471|002160|0056|0001|COMICHR09/D/S|2|PC|2000049734|002160|20201226||||||||
O|0180170471|002170|0056|0001|COMICHR09/D/M|2|PC|2000049734|002170|20201226||||||||
O|0180170471|002180|0056|0001|COMICHR09/D/L|2|PC|2000049734|002180|20201226||||||||
O|0180170471|002190|0056|0001|COMICHR09/D/XL|2|PC|2000049734|002190|20201226||||||||
O|0180170471|002200|0056|0001|SPDRN223/D/S|2|PC|2000049734|002200|20201226||||||||
O|0180170471|002210|0056|0001|SPDRN223/D/M|2|PC|2000049734|002210|20201226||||||||
O|0180170471|002220|0056|0001|SPDRN223/D/L|2|PC|2000049734|002220|20201226||||||||
O|0180170471|002230|0056|0001|SPDRN223/D/XL|2|PC|2000049734|002230|20201226||||||||
O|0180170471|002240|0056|0001|SPDRN283/D/S|2|PC|2000049734|002240|20201226||||||||
O|0180170471|002250|0056|0001|SPDRN283/D/M|2|PC|2000049734|002250|20201226||||||||
O|0180170471|002260|0056|0001|SPDRN283/D/L|2|PC|2000049734|002260|20201226||||||||
O|0180170471|002270|0056|0001|SPDRN283/D/XL|2|PC|2000049734|002270|20201226||||||||
O|0180170471|002280|0056|0001|SPDRN297/NVWT/D/S|2|PC|2000049734|002280|20201226||||||||
O|0180170471|002290|0056|0001|SPDRN297/NVWT/D/M|2|PC|2000049734|002290|20201226||||||||
O|0180170471|002300|0056|0001|SPDRN297/NVWT/D/L|2|PC|2000049734|002300|20201226||||||||
O|0180170471|002310|0056|0001|SPDRN297/NVWT/D/XL|2|PC|2000049734|002310|20201226||||||||
O|0180170471|002320|0056|0001|SPDRN297/MTRD/D/S|2|PC|2000049734|002320|20201226||||||||
O|0180170471|002330|0056|0001|SPDRN297/MTRD/D/M|2|PC|2000049734|002330|20201226||||||||
O|0180170471|002340|0056|0001|SPDRN297/MTRD/D/L|2|PC|2000049734|002340|20201226||||||||
O|0180170471|002350|0056|0001|SPDRN297/MTRD/D/XL|2|PC|2000049734|002350|20201226||||||||
O|0180170471|002360|0056|0001|COMICHR03/D/S|2|PC|2000049734|002360|20201226||||||||
O|0180170471|002370|0056|0001|COMICHR03/D/M|2|PC|2000049734|002370|20201226||||||||
O|0180170471|002380|0056|0001|COMICHR03/D/L|2|PC|2000049734|002380|20201226||||||||
O|0180170471|002390|0056|0001|COMICHR03/D/XL|2|PC|2000049734|002390|20201226||||||||
O|0180170471|002400|0056|0001|MSMA256/D/S|2|PC|2000049734|002400|20201226||||||||
O|0180170471|002410|0056|0001|MSMA256/D/M|2|PC|2000049734|002410|20201226||||||||
O|0180170471|002420|0056|0001|MSMA256/D/L|2|PC|2000049734|002420|20201226||||||||
O|0180170471|002430|0056|0001|MSMA256/D/XL|2|PC|2000049734|002430|20201226||||||||
O|0180170471|002440|0056|0001|SPDRN281/D/S|2|PC|2000049734|002440|20201226||||||||
O|0180170471|002450|0056|0001|SPDRN281/D/M|2|PC|2000049734|002450|20201226||||||||
O|0180170471|002460|0056|0001|SPDRN281/D/L|2|PC|2000049734|002460|20201226||||||||
O|0180170471|002470|0056|0001|SPDRN281/D/XL|2|PC|2000049734|002470|20201226||||||||
O|0180170471|002480|0056|0001|SPDRN282/D/S|2|PC|2000049734|002480|20201226||||||||
O|0180170471|002490|0056|0001|SPDRN282/D/M|2|PC|2000049734|002490|20201226||||||||
O|0180170471|002500|0056|0001|SPDRN282/D/L|2|PC|2000049734|002500|20201226||||||||
O|0180170471|002510|0056|0001|SPDRN282/D/XL|2|PC|2000049734|002510|20201226||||||||
O|0180170471|002520|0056|0001|MARVELS077/D/S|2|PC|2000049734|002520|20201226||||||||
O|0180170471|002530|0056|0001|MARVELS077/D/M|2|PC|2000049734|002530|20201226||||||||
O|0180170471|002540|0056|0001|MARVELS077/D/L|2|PC|2000049734|002540|20201226||||||||
O|0180170471|002550|0056|0001|MARVELS077/D/XL|2|PC|2000049734|002550|20201226||||||||
O|0180170471|002560|0056|0001|COMICS119/D/S|2|PC|2000049734|002560|20201226||||||||
O|0180170471|002570|0056|0001|COMICS119/D/M|2|PC|2000049734|002570|20201226||||||||
O|0180170471|002580|0056|0001|COMICS119/D/L|2|PC|2000049734|002580|20201226||||||||
O|0180170471|002590|0056|0001|COMICS119/D/XL|2|PC|2000049734|002590|20201226||||||||
O|0180170471|002600|0056|0001|SPDRS070/D/S|2|PC|2000049734|002600|20201226||||||||
O|0180170471|002610|0056|0001|SPDRS070/D/M|2|PC|2000049734|002610|20201226||||||||
O|0180170471|002620|0056|0001|SPDRS070/D/L|2|PC|2000049734|002620|20201226||||||||
O|0180170471|002630|0056|0001|SPDRS070/D/XL|0|PC|2000049734|002630|20201226||||||||
O|0180170471|002640|0056|0001|MARVELN042/D/S|2|PC|2000049734|002640|20201226||||||||
O|0180170471|002650|0056|0001|MARVELN042/D/M|2|PC|2000049734|002650|20201226||||||||
O|0180170471|002660|0056|0001|MARVELN042/D/L|2|PC|2000049734|002660|20201226||||||||
O|0180170471|002670|0056|0001|MARVELN042/D/XL|2|PC|2000049734|002670|20201226||||||||
O|0180170471|002680|0056|0001|AVGN284/MTBK/D/XL|2|PC|2000049734|002680|20201226||||||||
O|0180170471|002690|0056|0001|AVGN284/MTBK/D/L|2|PC|2000049734|002690|20201226||||||||
O|0180170471|002700|0056|0001|AVGN284/MTBK/D/M|2|PC|2000049734|002700|20201226||||||||
O|0180170471|002710|0056|0001|AVGN284/MTBK/D/S|2|PC|2000049734|002710|20201226||||||||
O|0180170471|002720|0056|0001|AVGN284/WTBK/D/XL|2|PC|2000049734|002720|20201226||||||||
O|0180170471|002730|0056|0001|AVGN284/WTBK/D/L|0|PC|2000049734|002730|20201226||||||||
O|0180170471|002740|0056|0001|SPDRN285/D/S|2|PC|2000049734|002740|20201226||||||||
O|0180170471|002750|0056|0001|SPDRN285/D/M|2|PC|2000049734|002750|20201226||||||||
O|0180170471|002760|0056|0001|SPDRN285/D/L|2|PC|2000049734|002760|20201226||||||||
O|0180170471|002770|0056|0001|AVGN284/WTBK/D/M|0|PC|2000049734|002770|20201226||||||||
O|0180170471|002780|0056|0001|AVGN284/WTBK/D/S|0|PC|2000049734|002780|20201226||||||||
O|0180170471|002790|0056|0001|SPDRN285/D/XL|2|PC|2000049734|002790|20201226||||||||
O|0180170471|002800|0056|0001|AVGN283/MT/D/S|0|PC|2000049734|002800|20201226||||||||
O|0180170471|002810|0056|0001|AVGN283/MT/D/M|0|PC|2000049734|002810|20201226||||||||
O|0180170471|002820|0056|0001|AVGN283/MT/D/L|0|PC|2000049734|002820|20201226||||||||
O|0180170471|002830|0056|0001|AVGN283/MT/D/XL|2|PC|2000049734|002830|20201226||||||||
O|0180170471|002840|0056|0001|AVGN283/BK/D/S|2|PC|2000049734|002840|20201226||||||||
O|0180170471|002850|0056|0001|AVGN283/BK/D/M|2|PC|2000049734|002850|20201226||||||||
O|0180170471|002860|0056|0001|AVGN283/BK/D/L|2|PC|2000049734|002860|20201226||||||||
O|0180170471|002870|0056|0001|AVGN283/BK/D/XL|2|PC|2000049734|002870|20201226||||||||
O|0180170471|002880|0056|0001|AVGHR61/D/S|0|PC|2000049734|002880|20201226||||||||
O|0180170471|002890|0056|0001|AVGHR61/D/M|0|PC|2000049734|002890|20201226||||||||
O|0180170471|002900|0056|0001|AVGHR61/D/L|0|PC|2000049734|002900|20201226||||||||
O|0180170471|002910|0056|0001|AVGHR61/D/XL|0|PC|2000049734|002910|20201226||||||||
O|0180170471|002920|0056|0001|MARVELS080/D/S|2|PC|2000049734|002920|20201226||||||||
O|0180170471|002930|0056|0001|MARVELS080/D/M|2|PC|2000049734|002930|20201226||||||||
O|0180170471|002940|0056|0001|MARVELS080/D/L|2|PC|2000049734|002940|20201226||||||||
O|0180170471|002950|0056|0001|MARVELS080/D/XL|2|PC|2000049734|002950|20201226||||||||
O|0180170471|002960|0056|0001|SWN235/A/S|2|PC|2000049734|002960|20201226||||||||
O|0180170471|002970|0056|0001|SWN235/A/M|2|PC|2000049734|002970|20201226||||||||
O|0180170471|002980|0056|0001|SWN235/A/L|2|PC|2000049734|002980|20201226||||||||
O|0180170471|002990|0056|0001|SWN235/A/5|2|PC|2000049734|002990|20201226||||||||
O|0180170471|003000|0056|0001|SWN235/A/7|2|PC|2000049734|003000|20201226||||||||
O|0180170471|003010|0056|0001|SWN235/A/9|2|PC|2000049734|003010|20201226||||||||
O|0180170471|003020|0056|0001|SWN235/A/11|2|PC|2000049734|003020|20201226||||||||
O|0180170471|003030|0056|0001|SWN235/A/13|2|PC|2000049734|003030|20201226||||||||
O|0180170471|003040|0056|0001|MTA05/A/S|2|PC|2000049734|003040|20201226||||||||
O|0180170471|003050|0056|0001|MTA05/A/M|2|PC|2000049734|003050|20201226||||||||
O|0180170471|003060|0056|0001|MTA05/A/L|2|PC|2000049734|003060|20201226||||||||
O|0180170471|003070|0056|0001|MTA05/A/5|2|PC|2000049734|003070|20201226||||||||
O|0180170471|003080|0056|0001|MTA05/A/7|2|PC|2000049734|003080|20201226||||||||
O|0180170471|003090|0056|0001|MTA04/A/S|2|PC|2000049734|003090|20201226||||||||
O|0180170471|003100|0056|0001|MTA04/A/M|2|PC|2000049734|003100|20201226||||||||
O|0180170471|003110|0056|0001|MTA04/A/L|2|PC|2000049734|003110|20201226||||||||
O|0180170471|003120|0056|0001|MTA04/A/5|2|PC|2000049734|003120|20201226||||||||
O|0180170471|003130|0056|0001|MTA04/A/7|2|PC|2000049734|003130|20201226||||||||
O|0180170471|003140|0056|0001|MTA06/A/S|2|PC|2000049734|003140|20201226||||||||
O|0180170471|003150|0056|0001|MTA06/A/M|2|PC|2000049734|003150|20201226||||||||
O|0180170471|003160|0056|0001|MTA06/A/L|2|PC|2000049734|003160|20201226||||||||
O|0180170471|003170|0056|0001|MTA06/A/5|2|PC|2000049734|003170|20201226||||||||
O|0180170471|003180|0056|0001|MTA06/A/7|2|PC|2000049734|003180|20201226||||||||
O|0180170471|003190|0056|0001|MTHR03/A/S|2|PC|2000049734|003190|20201226||||||||
O|0180170471|003200|0056|0001|MTHR03/A/M|2|PC|2000049734|003200|20201226||||||||
O|0180170471|003210|0056|0001|MTHR03/A/L|2|PC|2000049734|003210|20201226||||||||
O|0180170471|003220|0056|0001|MTHR03/A/5|2|PC|2000049734|003220|20201226||||||||
O|0180170471|003230|0056|0001|MTHR03/A/7|2|PC|2000049734|003230|20201226||||||||
O|0180170471|003240|0056|0001|MTA07/A/S|2|PC|2000049734|003240|20201226||||||||
O|0180170471|003250|0056|0001|MTA07/A/M|2|PC|2000049734|003250|20201226||||||||
O|0180170471|003260|0056|0001|MTA07/A/L|2|PC|2000049734|003260|20201226||||||||
O|0180170471|003270|0056|0001|MTA07/A/5|2|PC|2000049734|003270|20201226||||||||
O|0180170471|003280|0056|0001|MTA07/A/7|2|PC|2000049734|003280|20201226||||||||
O|0180170471|003290|0056|0001|MTHR02/A/S|2|PC|2000049734|003290|20201226||||||||
O|0180170471|003300|0056|0001|MTHR02/A/M|2|PC|2000049734|003300|20201226||||||||
O|0180170471|003310|0056|0001|MTHR02/A/L|2|PC|2000049734|003310|20201226||||||||
O|0180170471|003320|0056|0001|MTHR02/A/5|2|PC|2000049734|003320|20201226||||||||
O|0180170471|003330|0056|0001|MTHR02/A/7|2|PC|2000049734|003330|20201226||||||||
O|0180170471|003340|0056|0001|MTA11/A/5|2|PC|2000049734|003340|20201226||||||||
O|0180170471|003350|0056|0001|MTA11/A/7|2|PC|2000049734|003350|20201226||||||||
O|0180170471|003360|0056|0001|MTA11/A/9|2|PC|2000049734|003360|20201226||||||||
O|0180170471|003370|0056|0001|MTA12/A/5|2|PC|2000049734|003370|20201226||||||||
O|0180170471|003380|0056|0001|MTA12/A/7|2|PC|2000049734|003380|20201226||||||||
O|0180170471|003390|0056|0001|MTA12/A/9|2|PC|2000049734|003390|20201226||||||||
O|0180170471|003400|0056|0001|MTA10/A/5|0|PC|2000049734|003400|20201226||||||||
O|0180170471|003410|0056|0001|MTA10/A/7|2|PC|2000049734|003410|20201226||||||||
O|0180170471|003420|0056|0001|MTA10/A/9|2|PC|2000049734|003420|20201226||||||||
O|0180170471|003430|0056|0001|MTA14/A/5|2|PC|2000049734|003430|20201226||||||||
O|0180170471|003440|0056|0001|MTA14/A/7|2|PC|2000049734|003440|20201226||||||||
O|0180170471|003450|0056|0001|MTA14/A/9|2|PC|2000049734|003450|20201226||||||||
O|0180170471|003460|0056|0001|MTHR10/A/5|2|PC|2000049734|003460|20201226||||||||
O|0180170471|003470|0056|0001|MTHR10/A/7|2|PC|2000049734|003470|20201226||||||||
O|0180170471|003480|0056|0001|MTHR10/A/9|2|PC|2000049734|003480|20201226||||||||
O|0180170471|003490|0056|0001|MTA17/A/7|2|PC|2000049734|003490|20201226||||||||
O|0180170471|003500|0056|0001|MTA17/A/9|2|PC|2000049734|003500|20201226||||||||
O|0180170471|003510|0056|0001|MTA17/A/11|2|PC|2000049734|003510|20201226||||||||
O|0180170471|003520|0056|0001|MTA17/A/13|2|PC|2000049734|003520|20201226||||||||
O|0180170471|003530|0056|0001|MTA18/A/7|2|PC|2000049734|003530|20201226||||||||
O|0180170471|003540|0056|0001|MTA18/A/9|2|PC|2000049734|003540|20201226||||||||
O|0180170471|003550|0056|0001|MTA18/A/11|2|PC|2000049734|003550|20201226||||||||
O|0180170471|003560|0056|0001|MTA18/A/13|2|PC|2000049734|003560|20201226||||||||
O|0180170471|003570|0056|0001|MTA19/A/11|2|PC|2000049734|003570|20201226||||||||
O|0180170471|003580|0056|0001|MTA19/A/13|2|PC|2000049734|003580|20201226||||||||
O|0180170471|003590|0056|0001|MTA19/A/15|2|PC|2000049734|003590|20201226||||||||
O|0180170471|003600|0056|0001|MTA20/A/11|2|PC|2000049734|003600|20201226||||||||
O|0180170471|003610|0056|0001|MTA20/A/13|2|PC|2000049734|003610|20201226||||||||
O|0180170471|003620|0056|0001|MTA20/A/15|2|PC|2000049734|003620|20201226||||||||
O|0180170471|003630|0056|0001|MTA24/A/11|2|PC|2000049734|003630|20201226||||||||
O|0180170471|003640|0056|0001|MTA24/A/13|2|PC|2000049734|003640|20201226||||||||
O|0180170471|003650|0056|0001|MTA24/A/15|2|PC|2000049734|003650|20201226||||||||
O|0180170471|003660|0056|0001|MTHR25/A/11|2|PC|2000049734|003660|20201226||||||||
O|0180170471|003670|0056|0001|MTHR25/A/13|2|PC|2000049734|003670|20201226||||||||
O|0180170471|003680|0056|0001|MTHR25/A/15|2|PC|2000049734|003680|20201226||||||||
O|0180170471|003690|0056|0001|MTA21/A/11|2|PC|2000049734|003690|20201226||||||||
O|0180170471|003700|0056|0001|MTA21/A/13|2|PC|2000049734|003700|20201226||||||||
O|0180170471|003710|0056|0001|MTA21/A/15|2|PC|2000049734|003710|20201226||||||||
O|0180170471|003720|0056|0001|MTA23/A/11|2|PC|2000049734|003720|20201226||||||||
O|0180170471|003730|0056|0001|MTA23/A/13|2|PC|2000049734|003730|20201226||||||||
O|0180170471|003740|0056|0001|MTA23/A/15|2|PC|2000049734|003740|20201226||||||||
O|0180170471|003750|0056|0001|AVGN407/D/S|2|PC|2000049734|003750|20201226||||||||
O|0180170471|003760|0056|0001|AVGN407/D/M|2|PC|2000049734|003760|20201226||||||||
O|0180170471|003770|0056|0001|AVGN407/D/L|2|PC|2000049734|003770|20201226||||||||
O|0180170471|003780|0056|0001|AVGN407/D/XL|2|PC|2000049734|003780|20201226||||||||
O|0180170471|003790|0056|0001|AVGN407/D/XXL|2|PC|2000049734|003790|20201226||||||||
O|0180170471|003800|0056|0001|AVGN406/D/S|2|PC|2000049734|003800|20201226||||||||
O|0180170471|003810|0056|0001|AVGN406/D/M|2|PC|2000049734|003810|20201226||||||||
O|0180170471|003820|0056|0001|AVGN406/D/L|2|PC|2000049734|003820|20201226||||||||
O|0180170471|003830|0056|0001|AVGN406/D/XL|2|PC|2000049734|003830|20201226||||||||
O|0180170471|003840|0056|0001|AVGN406/D/XXL|2|PC|2000049734|003840|20201226||||||||
O|0180170471|003850|0056|0001|SWN040/D/S|2|PC|2000049734|003850|20201226||||||||
O|0180170471|003860|0056|0001|SWN040/D/M|2|PC|2000049734|003860|20201226||||||||
O|0180170471|003870|0056|0001|SWN040/D/L|2|PC|2000049734|003870|20201226||||||||
O|0180170471|003880|0056|0001|SWN040/D/XL|2|PC|2000049734|003880|20201226||||||||
O|0180170471|003890|0056|0001|SWN041/D/S|2|PC|2000049734|003890|20201226||||||||
O|0180170471|003900|0056|0001|SWN041/D/M|2|PC|2000049734|003900|20201226||||||||
O|0180170471|003910|0056|0001|SWN041/D/L|2|PC|2000049734|003910|20201226||||||||
O|0180170471|003920|0056|0001|SWN041/D/XL|2|PC|2000049734|003920|20201226||||||||
O|0180170471|003930|0056|0001|SWN041/D/XXL|1|PC|2000049734|003930|20201226||||||||
O|0180170471|003940|0056|0001|SWN042/D/S|2|PC|2000049734|003940|20201226||||||||
O|0180170471|003950|0056|0001|SWN042/D/M|2|PC|2000049734|003950|20201226||||||||
O|0180170471|003960|0056|0001|SWN042/D/L|2|PC|2000049734|003960|20201226||||||||
O|0180170471|003970|0056|0001|SWN042/D/XL|2|PC|2000049734|003970|20201226||||||||
O|0180170471|003980|0056|0001|SWN043/D/S|0|PC|2000049734|003980|20201226||||||||
O|0180170471|003990|0056|0001|SWN043/D/M|0|PC|2000049734|003990|20201226||||||||
O|0180170471|004000|0056|0001|SWN043/D/L|0|PC|2000049734|004000|20201226||||||||
O|0180170471|004010|0056|0001|SWN043/D/XL|0|PC|2000049734|004010|20201226||||||||
O|0180170471|004020|0056|0001|SWN043/D/XXL|0|PC|2000049734|004020|20201226||||||||
O|0180170471|004030|0056|0001|STW9A35/D/S|2|PC|2000049734|004030|20201226||||||||
O|0180170471|004040|0056|0001|STW9A35/D/M|2|PC|2000049734|004040|20201226||||||||
O|0180170471|004050|0056|0001|STW9A35/D/L|2|PC|2000049734|004050|20201226||||||||
O|0180170471|004060|0056|0001|STW9A35/D/XL|2|PC|2000049734|004060|20201226||||||||