Order_type|Inbound_order|Inbound_item|Store_id|StorageLocation|ItemCode|Qty|UOM|PO_NUMBER|PO_ITEM|DELIV_DATE|HEADER_TEXT|ITEM_TEXT|VBN|MANU_DATE|EXPR_DATE|Remarks1|Remarks2|Remarks3
O|0180170466|000010|0056|0001|MCJYPL03/GY/25|6|PC|2000049731|000010|20201226||||||||
O|0180170466|000020|0056|0001|MCJYPL03/GY/26|6|PC|2000049731|000020|20201226||||||||
O|0180170466|000030|0056|0001|MCJYPL03/GY/27|6|PC|2000049731|000030|20201226||||||||
O|0180170466|000040|0056|0001|MCJYPL03/GY/28|6|PC|2000049731|000040|20201226||||||||
O|0180170466|000050|0056|0001|MCJYPL03/GY/29|6|PC|2000049731|000050|20201226||||||||
O|0180170466|000060|0056|0001|MCJYPL03/GY/30|6|PC|2000049731|000060|20201226||||||||
O|0180170466|000070|0056|0001|MCJYPL03/NV/25|3|PC|2000049731|000070|20201226||||||||
O|0180170466|000080|0056|0001|MCJYPL03/NV/26|3|PC|2000049731|000080|20201226||||||||
O|0180170466|000090|0056|0001|MCJYPL03/NV/27|2|PC|2000049731|000090|20201226||||||||
O|0180170466|000100|0056|0001|MCJYPL03/NV/28|3|PC|2000049731|000100|20201226||||||||
O|0180170466|000110|0056|0001|MCJYPL03/NV/29|3|PC|2000049731|000110|20201226||||||||
O|0180170466|000120|0056|0001|MCJYPL03/NV/30|3|PC|2000049731|000120|20201226||||||||
O|0180170466|000130|0056|0001|MCMKJ09/BK/25|3|PC|2000049731|000130|20201226||||||||
O|0180170466|000140|0056|0001|MCMKJ09/BK/26|3|PC|2000049731|000140|20201226||||||||
O|0180170466|000150|0056|0001|MCMKJ09/BK/27|3|PC|2000049731|000150|20201226||||||||
O|0180170466|000160|0056|0001|MCMKJ09/BK/28|3|PC|2000049731|000160|20201226||||||||
O|0180170466|000170|0056|0001|MCMKJ09/BK/29|3|PC|2000049731|000170|20201226||||||||
O|0180170466|000180|0056|0001|MCMKJ09/BK/30|3|PC|2000049731|000180|20201226||||||||
O|0180170466|000190|0056|0001|MCMKJ09/NV/25|3|PC|2000049731|000190|20201226||||||||
O|0180170466|000200|0056|0001|MCMKJ09/NV/26|3|PC|2000049731|000200|20201226||||||||
O|0180170466|000210|0056|0001|MCMKJ09/NV/27|3|PC|2000049731|000210|20201226||||||||
O|0180170466|000220|0056|0001|MCMKJ09/NV/28|3|PC|2000049731|000220|20201226||||||||
O|0180170466|000230|0056|0001|MCMKJ09/NV/29|3|PC|2000049731|000230|20201226||||||||
O|0180170466|000240|0056|0001|MCMKJ09/NV/30|3|PC|2000049731|000240|20201226||||||||
O|0180170466|000250|0056|0001|MCMKJ15/BK/25|3|PC|2000049731|000250|20201226||||||||
O|0180170466|000260|0056|0001|MCMKJ15/BK/26|3|PC|2000049731|000260|20201226||||||||
O|0180170466|000270|0056|0001|MCMKJ15/BK/27|3|PC|2000049731|000270|20201226||||||||
O|0180170466|000280|0056|0001|MCMKJ15/BK/28|3|PC|2000049731|000280|20201226||||||||
O|0180170466|000290|0056|0001|MCMKJ15/BK/29|3|PC|2000049731|000290|20201226||||||||
O|0180170466|000300|0056|0001|MCMKJ15/BK/30|3|PC|2000049731|000300|20201226||||||||
O|0180170466|000310|0056|0001|MNFYMJ01/GY/19|4|PC|2000049731|000310|20201226||||||||
O|0180170466|000320|0056|0001|MNFYMJ01/GY/20|4|PC|2000049731|000320|20201226||||||||
O|0180170466|000330|0056|0001|MNFYMJ01/GY/21|4|PC|2000049731|000330|20201226||||||||
O|0180170466|000340|0056|0001|MNFYMJ01/GY/22|4|PC|2000049731|000340|20201226||||||||
O|0180170466|000350|0056|0001|MNFYMJ01/GY/23|4|PC|2000049731|000350|20201226||||||||
O|0180170466|000360|0056|0001|MNFYMJ01/GY/24|4|PC|2000049731|000360|20201226||||||||
O|0180170466|000370|0056|0001|MNFYMJ01/PK/19|4|PC|2000049731|000370|20201226||||||||
O|0180170466|000380|0056|0001|MNFYMJ01/PK/20|4|PC|2000049731|000380|20201226||||||||
O|0180170466|000390|0056|0001|MNFYMJ01/PK/21|4|PC|2000049731|000390|20201226||||||||
O|0180170466|000400|0056|0001|MNFYMJ01/PK/22|4|PC|2000049731|000400|20201226||||||||
O|0180170466|000410|0056|0001|MNFYMJ01/PK/23|4|PC|2000049731|000410|20201226||||||||
O|0180170466|000420|0056|0001|MNFYMJ01/PK/24|4|PC|2000049731|000420|20201226||||||||
O|0180170466|000430|0056|0001|MNHXT56/PK/25|2|PC|2000049731|000430|20201226||||||||
O|0180170466|000440|0056|0001|MNHXT56/PK/26|2|PC|2000049731|000440|20201226||||||||
O|0180170466|000450|0056|0001|MNHXT56/PK/27|2|PC|2000049731|000450|20201226||||||||
O|0180170466|000460|0056|0001|MNHXT56/PK/28|2|PC|2000049731|000460|20201226||||||||
O|0180170466|000470|0056|0001|MNHXT56/PK/29|2|PC|2000049731|000470|20201226||||||||
O|0180170466|000480|0056|0001|MNHXT56/PK/30|2|PC|2000049731|000480|20201226||||||||
O|0180170466|000490|0056|0001|MNJYPL04/DTPK/25|6|PC|2000049731|000490|20201226||||||||
O|0180170466|000500|0056|0001|MNJYPL04/DTPK/26|6|PC|2000049731|000500|20201226||||||||
O|0180170466|000510|0056|0001|MNJYPL04/DTPK/27|6|PC|2000049731|000510|20201226||||||||
O|0180170466|000520|0056|0001|MNJYPL04/DTPK/28|6|PC|2000049731|000520|20201226||||||||
O|0180170466|000530|0056|0001|MNJYPL04/DTPK/29|6|PC|2000049731|000530|20201226||||||||
O|0180170466|000540|0056|0001|MNJYPL04/DTPK/30|6|PC|2000049731|000540|20201226||||||||
O|0180170466|000550|0056|0001|MNJYPL04/NV/25|4|PC|2000049731|000550|20201226||||||||
O|0180170466|000560|0056|0001|MNJYPL04/NV/26|4|PC|2000049731|000560|20201226||||||||
O|0180170466|000570|0056|0001|MNJYPL04/NV/27|4|PC|2000049731|000570|20201226||||||||
O|0180170466|000580|0056|0001|MNJYPL04/NV/28|4|PC|2000049731|000580|20201226||||||||
O|0180170466|000590|0056|0001|MNJYPL04/NV/29|4|PC|2000049731|000590|20201226||||||||
O|0180170466|000600|0056|0001|MNJYPL04/NV/30|4|PC|2000049731|000600|20201226||||||||
O|0180170466|000610|0056|0001|MNMKJ14/BK/25|2|PC|2000049731|000610|20201226||||||||
O|0180170466|000620|0056|0001|MNMKJ14/BK/26|3|PC|2000049731|000620|20201226||||||||
O|0180170466|000630|0056|0001|MNMKJ14/BK/27|3|PC|2000049731|000630|20201226||||||||
O|0180170466|000640|0056|0001|MNMKJ14/BK/28|3|PC|2000049731|000640|20201226||||||||
O|0180170466|000650|0056|0001|MNMKJ14/BK/29|2|PC|2000049731|000650|20201226||||||||
O|0180170466|000660|0056|0001|MNMKJ14/BK/30|3|PC|2000049731|000660|20201226||||||||
O|0180170466|000670|0056|0001|MNMKJ14/PK/25|4|PC|2000049731|000670|20201226||||||||
O|0180170466|000680|0056|0001|MNMKJ14/PK/26|4|PC|2000049731|000680|20201226||||||||
O|0180170466|000690|0056|0001|MNMKJ14/PK/27|4|PC|2000049731|000690|20201226||||||||
O|0180170466|000700|0056|0001|MNMKJ14/PK/28|4|PC|2000049731|000700|20201226||||||||
O|0180170466|000710|0056|0001|MNMKJ14/PK/29|4|PC|2000049731|000710|20201226||||||||
O|0180170466|000720|0056|0001|MNMKJ14/PK/30|4|PC|2000049731|000720|20201226||||||||
O|0180170466|000730|0056|0001|MNTNMJ80/DN/19|2|PC|2000049731|000730|20201226||||||||
O|0180170466|000740|0056|0001|MNTNMJ80/DN/20|2|PC|2000049731|000740|20201226||||||||
O|0180170466|000750|0056|0001|MNTNMJ80/DN/21|2|PC|2000049731|000750|20201226||||||||
O|0180170466|000760|0056|0001|MNTNMJ80/DN/22|2|PC|2000049731|000760|20201226||||||||
O|0180170466|000770|0056|0001|MNTNMJ80/DN/23|2|PC|2000049731|000770|20201226||||||||
O|0180170466|000780|0056|0001|MNTNMJ80/DN/24|2|PC|2000049731|000780|20201226||||||||
O|0180170466|000790|0056|0001|MNTNMJ80/GY/19|6|PC|2000049731|000790|20201226||||||||
O|0180170466|000800|0056|0001|MNTNMJ80/GY/20|6|PC|2000049731|000800|20201226||||||||
O|0180170466|000810|0056|0001|MNTNMJ80/GY/21|6|PC|2000049731|000810|20201226||||||||
O|0180170466|000820|0056|0001|MNTNMJ80/GY/22|6|PC|2000049731|000820|20201226||||||||
O|0180170466|000830|0056|0001|MNTNMJ80/GY/23|6|PC|2000049731|000830|20201226||||||||
O|0180170466|000840|0056|0001|MNTNMJ80/GY/24|6|PC|2000049731|000840|20201226||||||||
O|0180170466|000850|0056|0001|MNTNMJ80/PK/19|5|PC|2000049731|000850|20201226||||||||
O|0180170466|000860|0056|0001|MNTNMJ80/PK/20|6|PC|2000049731|000860|20201226||||||||
O|0180170466|000870|0056|0001|MNTNMJ80/PK/21|4|PC|2000049731|000870|20201226||||||||
O|0180170466|000880|0056|0001|MNTNMJ80/PK/22|6|PC|2000049731|000880|20201226||||||||
O|0180170466|000890|0056|0001|MNTNMJ80/PK/23|4|PC|2000049731|000890|20201226||||||||
O|0180170466|000900|0056|0001|MNTNMJ80/PK/24|6|PC|2000049731|000900|20201226||||||||
O|0180170469|000010|0056|0001|17018181|2|PC|2000049732|000010|20201226||||||||
O|0180170469|000020|0056|0001|17230211|2|PC|2000049732|000020|20201226||||||||
O|0180170469|000030|0056|0001|17230213|2|PC|2000049732|000030|20201226||||||||
O|0180170469|000040|0056|0001|17230215|0|PC|2000049732|000040|20201226||||||||
O|0180170469|000050|0056|0001|19018031|2|PC|2000049732|000050|20201226||||||||
O|0180170469|000060|0056|0001|19230251|2|PC|2000049732|000060|20201226||||||||
O|0180170469|000070|0056|0001|19230252|2|PC|2000049732|000070|20201226||||||||
O|0180170469|000080|0056|0001|19230253|2|PC|2000049732|000080|20201226||||||||
O|0180170469|000090|0056|0001|19230254|2|PC|2000049732|000090|20201226||||||||
O|0180170469|000100|0056|0001|19230255|2|PC|2000049732|000100|20201226||||||||
O|0180170469|000110|0056|0001|19230727|2|PC|2000049732|000110|20201226||||||||
O|0180170469|000120|0056|0001|19250271|2|PC|2000049732|000120|20201226||||||||
O|0180170469|000130|0056|0001|19250272|2|PC|2000049732|000130|20201226||||||||
O|0180170469|000140|0056|0001|19250273|2|PC|2000049732|000140|20201226||||||||
O|0180170469|000150|0056|0001|19250274|2|PC|2000049732|000150|20201226||||||||
O|0180170469|000160|0056|0001|19250275|2|PC|2000049732|000160|20201226||||||||
O|0180170469|000170|0056|0001|19250276|2|PC|2000049732|000170|20201226||||||||
O|0180170469|000180|0056|0001|19250361|2|PC|2000049732|000180|20201226||||||||
O|0180170469|000190|0056|0001|19250362|2|PC|2000049732|000190|20201226||||||||
O|0180170469|000200|0056|0001|19250363|2|PC|2000049732|000200|20201226||||||||
O|0180170469|000210|0056|0001|19250679|2|PC|2000049732|000210|20201226||||||||
O|0180170469|000220|0056|0001|19260648|2|PC|2000049732|000220|20201226||||||||
O|0180170469|000230|0056|0001|19268038|2|PC|2000049732|000230|20201226||||||||
O|0180170469|000240|0056|0001|19268039|2|PC|2000049732|000240|20201226||||||||
O|0180170469|000250|0056|0001|19940041|2|PC|2000049732|000250|20201226||||||||
O|0180170469|000260|0056|0001|19940042|2|PC|2000049732|000260|20201226||||||||
O|0180170469|000270|0056|0001|19940043|2|PC|2000049732|000270|20201226||||||||
O|0180170469|000280|0056|0001|19940345|2|PC|2000049732|000280|20201226||||||||
O|0180170469|000290|0056|0001|19940646|2|PC|2000049732|000290|20201226||||||||
O|0180170469|000300|0056|0001|19940647|2|PC|2000049732|000300|20201226||||||||
O|0180170469|000310|0056|0001|19948052|2|PC|2000049732|000310|20201226||||||||
O|0180170469|000320|0056|0001|19948053|2|PC|2000049732|000320|20201226||||||||
O|0180170469|000330|0056|0001|19948054|2|PC|2000049732|000330|20201226||||||||
O|0180170469|000340|0056|0001|20160071|2|PC|2000049732|000340|20201226||||||||
O|0180170469|000350|0056|0001|20160072|2|PC|2000049732|000350|20201226||||||||
O|0180170469|000360|0056|0001|20160073|2|PC|2000049732|000360|20201226||||||||
O|0180170469|000370|0056|0001|20160074|2|PC|2000049732|000370|20201226||||||||
O|0180170469|000380|0056|0001|20260081|2|PC|2000049732|000380|20201226||||||||
O|0180170469|000390|0056|0001|20260082|2|PC|2000049732|000390|20201226||||||||
O|0180170469|000400|0056|0001|20260083|2|PC|2000049732|000400|20201226||||||||
O|0180170469|000410|0056|0001|20260084|2|PC|2000049732|000410|20201226||||||||
O|0180170469|000420|0056|0001|20260085|2|PC|2000049732|000420|20201226||||||||
O|0180170469|000430|0056|0001|20260086|2|PC|2000049732|000430|20201226||||||||
O|0180170469|000440|0056|0001|20940729|2|PC|2000049732|000440|20201226||||||||